>-Z0.91
20200111  60.6683
20200123  38.1014
>-Z0.12
20200111  60.6683
20200204  -19.3732
>-Z0.36
20200111  60.6683
20200216  -69.8946
>-Z0.61
20200111  60.6683
20200228  -61.9130
>-Z0.33
20200123  38.1014
20200204  -19.3732
>-Z0.75
20200123  38.1014
20200216  -69.8946
>-Z0.59
20200123  38.1014
20200228  -61.9130
>-Z0.11
20200123  38.1014
20200311  32.1087
>-Z0.72
20200204  -19.3732
20200216  -69.8946
>-Z0.90
20200204  -19.3732
20200228  -61.9130
>-Z0.41
20200204  -19.3732
20200311  32.1087
>-Z0.89
20200204  -19.3732
20200323  41.4579
>-Z0.49
20200216  -69.8946
20200228  -61.9130
>-Z0.64
20200216  -69.8946
20200311  32.1087
>-Z0.06
20200216  -69.8946
20200323  41.4579
>-Z0.64
20200216  -69.8946
20200404  -11.6448
>-Z0.38
20200228  -61.9130
20200311  32.1087
>-Z0.53
20200228  -61.9130
20200323  41.4579
>-Z0.73
20200228  -61.9130
20200404  -11.6448
>-Z0.89
20200228  -61.9130
20200416  -41.1512
>-Z0.98
20200311  32.1087
20200323  41.4579
>-Z0.13
20200311  32.1087
20200404  -11.6448
>-Z0.00
20200311  32.1087
20200416  -41.1512
>-Z0.17
20200311  32.1087
20200428  -63.3449
>-Z0.84
20200323  41.4579
20200404  -11.6448
>-Z0.28
20200323  41.4579
20200416  -41.1512
>-Z0.61
20200323  41.4579
20200428  -63.3449
>-Z0.52
20200323  41.4579
20200510  -98.6860
>-Z0.66
20200404  -11.6448
20200416  -41.1512
>-Z0.47
20200404  -11.6448
20200428  -63.3449
>-Z0.04
20200404  -11.6448
20200510  -98.6860
>-Z0.71
20200404  -11.6448
20200522  -9.8802
>-Z0.95
20200416  -41.1512
20200428  -63.3449
>-Z0.63
20200416  -41.1512
20200510  -98.6860
>-Z0.14
20200416  -41.1512
20200522  -9.8802
>-Z0.06
20200416  -41.1512
20200603  -70.6984
>-Z0.10
20200428  -63.3449
20200510  -98.6860
>-Z0.44
20200428  -63.3449
20200522  -9.8802
>-Z0.19
20200428  -63.3449
20200603  -70.6984
>-Z0.32
20200428  -63.3449
20200615  -7.8606
>-Z0.09
20200510  -98.6860
20200522  -9.8802
>-Z0.40
20200510  -98.6860
20200603  -70.6984
>-Z0.83
20200510  -98.6860
20200615  -7.8606
>-Z0.31
20200510  -98.6860
20200627  -89.3466
>-Z0.46
20200522  -9.8802
20200603  -70.6984
>-Z0.57
20200522  -9.8802
20200615  -7.8606
>-Z0.26
20200522  -9.8802
20200627  -89.3466
>-Z0.31
20200522  -9.8802
20200709  -93.8647
>-Z0.23
20200603  -70.6984
20200615  -7.8606
>-Z0.31
20200603  -70.6984
20200627  -89.3466
>-Z0.62
20200603  -70.6984
20200709  -93.8647
>-Z0.97
20200603  -70.6984
20200721  -2.7326
>-Z0.32
20200615  -7.8606
20200627  -89.3466
>-Z0.28
20200615  -7.8606
20200709  -93.8647
>-Z0.83
20200615  -7.8606
20200721  -2.7326
>-Z0.23
20200615  -7.8606
20200802  27.7431
>-Z0.39
20200627  -89.3466
20200709  -93.8647
>-Z0.25
20200627  -89.3466
20200721  -2.7326
>-Z0.49
20200627  -89.3466
20200802  27.7431
>-Z0.75
20200627  -89.3466
20200814  -36.7839
>-Z0.73
20200709  -93.8647
20200721  -2.7326
>-Z0.42
20200709  -93.8647
20200802  27.7431
>-Z0.94
20200709  -93.8647
20200814  -36.7839
>-Z0.10
20200709  -93.8647
20200826  0.0000
>-Z0.78
20200721  -2.7326
20200802  27.7431
>-Z0.38
20200721  -2.7326
20200814  -36.7839
>-Z0.84
20200721  -2.7326
20200901  -34.9904
>-Z0.48
20200721  -2.7326
20200907  -2.3467
>-Z0.21
20200721  -2.7326
20200826  0.0000
>-Z0.53
20200802  27.7431
20200814  -36.7839
>-Z0.59
20200802  27.7431
20200901  -34.9904
>-Z0.44
20200802  27.7431
20200907  -2.3467
>-Z0.72
20200802  27.7431
20200913  14.3055
>-Z0.85
20200802  27.7431
20200919  3.7618
>-Z0.75
20200802  27.7431
20200826  0.0000
>-Z0.15
20200814  -36.7839
20200901  -34.9904
>-Z0.55
20200814  -36.7839
20200907  -2.3467
>-Z0.74
20200814  -36.7839
20200913  14.3055
>-Z0.97
20200814  -36.7839
20200919  3.7618
>-Z0.07
20200814  -36.7839
20200925  -14.5481
>-Z0.39
20200814  -36.7839
20201001  -8.8034
>-Z0.32
20200814  -36.7839
20200826  0.0000
>-Z0.66
20200901  -34.9904
20200907  -2.3467
>-Z0.68
20200901  -34.9904
20200913  14.3055
>-Z0.09
20200901  -34.9904
20200919  3.7618
>-Z0.82
20200901  -34.9904
20200925  -14.5481
>-Z0.76
20200901  -34.9904
20201001  -8.8034
>-Z0.88
20200901  -34.9904
20201013  17.8261
>-Z0.96
20200901  -34.9904
20201019  -89.9987
>-Z0.89
20200901  -34.9904
20200826  0.0000
>-Z0.97
20200907  -2.3467
20200913  14.3055
>-Z0.17
20200907  -2.3467
20200919  3.7618
>-Z0.18
20200907  -2.3467
20200925  -14.5481
>-Z0.21
20200907  -2.3467
20201001  -8.8034
>-Z0.60
20200907  -2.3467
20201013  17.8261
>-Z0.96
20200907  -2.3467
20201019  -89.9987
>-Z0.12
20200907  -2.3467
20201025  -28.5762
>-Z0.63
20200907  -2.3467
20200826  0.0000
>-Z0.88
20200913  14.3055
20200919  3.7618
>-Z0.31
20200913  14.3055
20200925  -14.5481
>-Z0.34
20200913  14.3055
20201001  -8.8034
>-Z0.70
20200913  14.3055
20201013  17.8261
>-Z0.70
20200913  14.3055
20201019  -89.9987
>-Z0.21
20200913  14.3055
20201025  -28.5762
>-Z0.07
20200913  14.3055
20201031  2.7861
>-Z0.87
20200913  14.3055
20200826  0.0000
>-Z0.26
20200919  3.7618
20200925  -14.5481
>-Z0.90
20200919  3.7618
20201001  -8.8034
>-Z0.78
20200919  3.7618
20201013  17.8261
>-Z0.10
20200919  3.7618
20201019  -89.9987
>-Z0.57
20200919  3.7618
20201025  -28.5762
>-Z0.37
20200919  3.7618
20201031  2.7861
>-Z0.30
20200919  3.7618
20201106  9.8274
>-Z0.06
20200919  3.7618
20200826  0.0000
>-Z0.22
20200925  -14.5481
20201001  -8.8034
>-Z0.44
20200925  -14.5481
20201013  17.8261
>-Z0.20
20200925  -14.5481
20201019  -89.9987
>-Z0.29
20200925  -14.5481
20201025  -28.5762
>-Z0.71
20200925  -14.5481
20201031  2.7861
>-Z0.65
20200925  -14.5481
20201106  9.8274
>-Z0.39
20200925  -14.5481
20201112  -34.7882
>-Z0.74
20200925  -14.5481
20200826  0.0000
>-Z0.22
20201001  -8.8034
20201013  17.8261
>-Z0.67
20201001  -8.8034
20201019  -89.9987
>-Z0.58
20201001  -8.8034
20201025  -28.5762
>-Z0.63
20201001  -8.8034
20201031  2.7861
>-Z0.76
20201001  -8.8034
20201106  9.8274
>-Z0.08
20201001  -8.8034
20201112  -34.7882
>-Z0.64
20201001  -8.8034
20201118  23.5539
>-Z0.77
20201001  -8.8034
20200826  0.0000
>-Z0.68
20201013  17.8261
20201019  -89.9987
>-Z0.63
20201013  17.8261
20201025  -28.5762
>-Z0.99
20201013  17.8261
20201031  2.7861
>-Z0.95
20201013  17.8261
20201106  9.8274
>-Z0.41
20201013  17.8261
20201112  -34.7882
>-Z0.78
20201013  17.8261
20201118  23.5539
>-Z0.57
20201013  17.8261
20201124  -42.2792
>-Z0.24
20201013  17.8261
20201130  0.3249
>-Z0.27
20201013  17.8261
20200826  0.0000
>-Z0.21
20201019  -89.9987
20201025  -28.5762
>-Z0.37
20201019  -89.9987
20201031  2.7861
>-Z0.53
20201019  -89.9987
20201106  9.8274
>-Z0.63
20201019  -89.9987
20201112  -34.7882
>-Z0.80
20201019  -89.9987
20201118  23.5539
>-Z0.48
20201019  -89.9987
20201124  -42.2792
>-Z0.96
20201019  -89.9987
20201130  0.3249
>-Z0.25
20201019  -89.9987
20201206  -3.8343
>-Z0.59
20201025  -28.5762
20201031  2.7861
>-Z0.68
20201025  -28.5762
20201106  9.8274
>-Z0.99
20201025  -28.5762
20201112  -34.7882
>-Z0.45
20201025  -28.5762
20201118  23.5539
>-Z0.51
20201025  -28.5762
20201124  -42.2792
>-Z0.39
20201025  -28.5762
20201130  0.3249
>-Z0.49
20201025  -28.5762
20201206  -3.8343
>-Z0.48
20201025  -28.5762
20201212  23.5708
>-Z0.42
20201031  2.7861
20201106  9.8274
>-Z0.01
20201031  2.7861
20201112  -34.7882
>-Z0.35
20201031  2.7861
20201118  23.5539
>-Z0.25
20201031  2.7861
20201124  -42.2792
>-Z0.36
20201031  2.7861
20201130  0.3249
>-Z0.09
20201031  2.7861
20201206  -3.8343
>-Z0.56
20201031  2.7861
20201212  23.5708
>-Z0.11
20201031  2.7861
20201218  44.8437
>-Z0.25
20201106  9.8274
20201112  -34.7882
>-Z0.91
20201106  9.8274
20201118  23.5539
>-Z0.29
20201106  9.8274
20201124  -42.2792
>-Z0.33
20201106  9.8274
20201130  0.3249
>-Z0.78
20201106  9.8274
20201206  -3.8343
>-Z0.10
20201106  9.8274
20201212  23.5708
>-Z0.82
20201106  9.8274
20201218  44.8437
>-Z0.62
20201106  9.8274
20201224  -49.1767
>-Z0.30
20201112  -34.7882
20201118  23.5539
>-Z0.52
20201112  -34.7882
20201124  -42.2792
>-Z0.74
20201112  -34.7882
20201130  0.3249
>-Z0.51
20201112  -34.7882
20201206  -3.8343
>-Z0.07
20201112  -34.7882
20201212  23.5708
>-Z0.72
20201112  -34.7882
20201218  44.8437
>-Z0.94
20201112  -34.7882
20201224  -49.1767
>-Z0.61
20201112  -34.7882
20201230  51.8489
>-Z0.08
20201118  23.5539
20201124  -42.2792
>-Z0.87
20201118  23.5539
20201130  0.3249
>-Z0.20
20201118  23.5539
20201206  -3.8343
>-Z0.59
20201118  23.5539
20201212  23.5708
>-Z0.24
20201118  23.5539
20201218  44.8437
>-Z0.41
20201118  23.5539
20201224  -49.1767
>-Z0.97
20201118  23.5539
20201230  51.8489
>-Z0.16
20201124  -42.2792
20201130  0.3249
>-Z0.22
20201124  -42.2792
20201206  -3.8343
>-Z0.92
20201124  -42.2792
20201212  23.5708
>-Z0.63
20201124  -42.2792
20201218  44.8437
>-Z0.66
20201124  -42.2792
20201224  -49.1767
>-Z0.94
20201124  -42.2792
20201230  51.8489
>-Z0.85
20201130  0.3249
20201206  -3.8343
>-Z0.96
20201130  0.3249
20201212  23.5708
>-Z0.18
20201130  0.3249
20201218  44.8437
>-Z0.02
20201130  0.3249
20201224  -49.1767
>-Z0.86
20201130  0.3249
20201230  51.8489
>-Z0.63
20201206  -3.8343
20201212  23.5708
>-Z0.47
20201206  -3.8343
20201218  44.8437
>-Z0.84
20201206  -3.8343
20201224  -49.1767
>-Z0.80
20201206  -3.8343
20201230  51.8489
>-Z0.15
20201212  23.5708
20201218  44.8437
>-Z0.72
20201212  23.5708
20201224  -49.1767
>-Z0.00
20201212  23.5708
20201230  51.8489
>-Z0.91
20201218  44.8437
20201224  -49.1767
>-Z0.77
20201218  44.8437
20201230  51.8489
>-Z0.34
20201224  -49.1767
20201230  51.8489
