>
20200111  60.6683
20200123  38.1014
>
20200111  60.6683
20200204  -19.3732
>
20200111  60.6683
20200216  -69.8946
>
20200111  60.6683
20200228  -61.9130
>
20200123  38.1014
20200204  -19.3732
>
20200123  38.1014
20200216  -69.8946
>
20200123  38.1014
20200228  -61.9130
>
20200123  38.1014
20200311  32.1087
>
20200204  -19.3732
20200216  -69.8946
>
20200204  -19.3732
20200228  -61.9130
>
20200204  -19.3732
20200311  32.1087
>
20200204  -19.3732
20200323  41.4579
>
20200216  -69.8946
20200228  -61.9130
>
20200216  -69.8946
20200311  32.1087
>
20200216  -69.8946
20200323  41.4579
>
20200216  -69.8946
20200404  -11.6448
>
20200228  -61.9130
20200311  32.1087
>
20200228  -61.9130
20200323  41.4579
>
20200228  -61.9130
20200404  -11.6448
>
20200228  -61.9130
20200416  -41.1512
>
20200311  32.1087
20200323  41.4579
>
20200311  32.1087
20200404  -11.6448
>
20200311  32.1087
20200416  -41.1512
>
20200311  32.1087
20200428  -63.3449
>
20200323  41.4579
20200404  -11.6448
>
20200323  41.4579
20200416  -41.1512
>
20200323  41.4579
20200428  -63.3449
>
20200323  41.4579
20200510  -98.6860
>
20200404  -11.6448
20200416  -41.1512
>
20200404  -11.6448
20200428  -63.3449
>
20200404  -11.6448
20200510  -98.6860
>
20200404  -11.6448
20200522  -9.8802
>
20200416  -41.1512
20200428  -63.3449
>
20200416  -41.1512
20200510  -98.6860
>
20200416  -41.1512
20200522  -9.8802
>
20200416  -41.1512
20200603  -70.6984
>
20200428  -63.3449
20200510  -98.6860
>
20200428  -63.3449
20200522  -9.8802
>
20200428  -63.3449
20200603  -70.6984
>
20200428  -63.3449
20200615  -7.8606
>
20200510  -98.6860
20200522  -9.8802
>
20200510  -98.6860
20200603  -70.6984
>
20200510  -98.6860
20200615  -7.8606
>
20200510  -98.6860
20200627  -89.3466
>
20200522  -9.8802
20200603  -70.6984
>
20200522  -9.8802
20200615  -7.8606
>
20200522  -9.8802
20200627  -89.3466
>
20200522  -9.8802
20200709  -93.8647
>
20200603  -70.6984
20200615  -7.8606
>
20200603  -70.6984
20200627  -89.3466
>
20200603  -70.6984
20200709  -93.8647
>
20200603  -70.6984
20200721  -2.7326
>
20200615  -7.8606
20200627  -89.3466
>
20200615  -7.8606
20200709  -93.8647
>
20200615  -7.8606
20200721  -2.7326
>
20200615  -7.8606
20200802  27.7431
>
20200627  -89.3466
20200709  -93.8647
>
20200627  -89.3466
20200721  -2.7326
>
20200627  -89.3466
20200802  27.7431
>
20200627  -89.3466
20200814  -36.7839
>
20200709  -93.8647
20200721  -2.7326
>
20200709  -93.8647
20200802  27.7431
>
20200709  -93.8647
20200814  -36.7839
>
20200709  -93.8647
20200826  0.0000
>
20200721  -2.7326
20200802  27.7431
>
20200721  -2.7326
20200814  -36.7839
>
20200721  -2.7326
20200901  -34.9904
>
20200721  -2.7326
20200907  -2.3467
>
20200721  -2.7326
20200826  0.0000
>
20200802  27.7431
20200814  -36.7839
>
20200802  27.7431
20200901  -34.9904
>
20200802  27.7431
20200907  -2.3467
>
20200802  27.7431
20200913  14.3055
>
20200802  27.7431
20200919  3.7618
>
20200802  27.7431
20200826  0.0000
>
20200814  -36.7839
20200901  -34.9904
>
20200814  -36.7839
20200907  -2.3467
>
20200814  -36.7839
20200913  14.3055
>
20200814  -36.7839
20200919  3.7618
>
20200814  -36.7839
20200925  -14.5481
>
20200814  -36.7839
20201001  -8.8034
>
20200814  -36.7839
20200826  0.0000
>
20200901  -34.9904
20200907  -2.3467
>
20200901  -34.9904
20200913  14.3055
>
20200901  -34.9904
20200919  3.7618
>
20200901  -34.9904
20200925  -14.5481
>
20200901  -34.9904
20201001  -8.8034
>
20200901  -34.9904
20201013  17.8261
>
20200901  -34.9904
20201019  -89.9987
>
20200901  -34.9904
20200826  0.0000
>
20200907  -2.3467
20200913  14.3055
>
20200907  -2.3467
20200919  3.7618
>
20200907  -2.3467
20200925  -14.5481
>
20200907  -2.3467
20201001  -8.8034
>
20200907  -2.3467
20201013  17.8261
>
20200907  -2.3467
20201019  -89.9987
>
20200907  -2.3467
20201025  -28.5762
>
20200907  -2.3467
20200826  0.0000
>
20200913  14.3055
20200919  3.7618
>
20200913  14.3055
20200925  -14.5481
>
20200913  14.3055
20201001  -8.8034
>
20200913  14.3055
20201013  17.8261
>
20200913  14.3055
20201019  -89.9987
>
20200913  14.3055
20201025  -28.5762
>
20200913  14.3055
20201031  2.7861
>
20200913  14.3055
20200826  0.0000
>
20200919  3.7618
20200925  -14.5481
>
20200919  3.7618
20201001  -8.8034
>
20200919  3.7618
20201013  17.8261
>
20200919  3.7618
20201019  -89.9987
>
20200919  3.7618
20201025  -28.5762
>
20200919  3.7618
20201031  2.7861
>
20200919  3.7618
20201106  9.8274
>
20200919  3.7618
20200826  0.0000
>
20200925  -14.5481
20201001  -8.8034
>
20200925  -14.5481
20201013  17.8261
>
20200925  -14.5481
20201019  -89.9987
>
20200925  -14.5481
20201025  -28.5762
>
20200925  -14.5481
20201031  2.7861
>
20200925  -14.5481
20201106  9.8274
>
20200925  -14.5481
20201112  -34.7882
>
20200925  -14.5481
20200826  0.0000
>
20201001  -8.8034
20201013  17.8261
>
20201001  -8.8034
20201019  -89.9987
>
20201001  -8.8034
20201025  -28.5762
>
20201001  -8.8034
20201031  2.7861
>
20201001  -8.8034
20201106  9.8274
>
20201001  -8.8034
20201112  -34.7882
>
20201001  -8.8034
20201118  23.5539
>
20201001  -8.8034
20200826  0.0000
>
20201013  17.8261
20201019  -89.9987
>
20201013  17.8261
20201025  -28.5762
>
20201013  17.8261
20201031  2.7861
>
20201013  17.8261
20201106  9.8274
>
20201013  17.8261
20201112  -34.7882
>
20201013  17.8261
20201118  23.5539
>
20201013  17.8261
20201124  -42.2792
>
20201013  17.8261
20201130  0.3249
>
20201013  17.8261
20200826  0.0000
>
20201019  -89.9987
20201025  -28.5762
>
20201019  -89.9987
20201031  2.7861
>
20201019  -89.9987
20201106  9.8274
>
20201019  -89.9987
20201112  -34.7882
>
20201019  -89.9987
20201118  23.5539
>
20201019  -89.9987
20201124  -42.2792
>
20201019  -89.9987
20201130  0.3249
>
20201019  -89.9987
20201206  -3.8343
>
20201025  -28.5762
20201031  2.7861
>
20201025  -28.5762
20201106  9.8274
>
20201025  -28.5762
20201112  -34.7882
>
20201025  -28.5762
20201118  23.5539
>
20201025  -28.5762
20201124  -42.2792
>
20201025  -28.5762
20201130  0.3249
>
20201025  -28.5762
20201206  -3.8343
>
20201025  -28.5762
20201212  23.5708
>
20201031  2.7861
20201106  9.8274
>
20201031  2.7861
20201112  -34.7882
>
20201031  2.7861
20201118  23.5539
>
20201031  2.7861
20201124  -42.2792
>
20201031  2.7861
20201130  0.3249
>
20201031  2.7861
20201206  -3.8343
>
20201031  2.7861
20201212  23.5708
>
20201031  2.7861
20201218  44.8437
>
20201106  9.8274
20201112  -34.7882
>
20201106  9.8274
20201118  23.5539
>
20201106  9.8274
20201124  -42.2792
>
20201106  9.8274
20201130  0.3249
>
20201106  9.8274
20201206  -3.8343
>
20201106  9.8274
20201212  23.5708
>
20201106  9.8274
20201218  44.8437
>
20201106  9.8274
20201224  -49.1767
>
20201112  -34.7882
20201118  23.5539
>
20201112  -34.7882
20201124  -42.2792
>
20201112  -34.7882
20201130  0.3249
>
20201112  -34.7882
20201206  -3.8343
>
20201112  -34.7882
20201212  23.5708
>
20201112  -34.7882
20201218  44.8437
>
20201112  -34.7882
20201224  -49.1767
>
20201112  -34.7882
20201230  51.8489
>
20201118  23.5539
20201124  -42.2792
>
20201118  23.5539
20201130  0.3249
>
20201118  23.5539
20201206  -3.8343
>
20201118  23.5539
20201212  23.5708
>
20201118  23.5539
20201218  44.8437
>
20201118  23.5539
20201224  -49.1767
>
20201118  23.5539
20201230  51.8489
>
20201124  -42.2792
20201130  0.3249
>
20201124  -42.2792
20201206  -3.8343
>
20201124  -42.2792
20201212  23.5708
>
20201124  -42.2792
20201218  44.8437
>
20201124  -42.2792
20201224  -49.1767
>
20201124  -42.2792
20201230  51.8489
>
20201130  0.3249
20201206  -3.8343
>
20201130  0.3249
20201212  23.5708
>
20201130  0.3249
20201218  44.8437
>
20201130  0.3249
20201224  -49.1767
>
20201130  0.3249
20201230  51.8489
>
20201206  -3.8343
20201212  23.5708
>
20201206  -3.8343
20201218  44.8437
>
20201206  -3.8343
20201224  -49.1767
>
20201206  -3.8343
20201230  51.8489
>
20201212  23.5708
20201218  44.8437
>
20201212  23.5708
20201224  -49.1767
>
20201212  23.5708
20201230  51.8489
>
20201218  44.8437
20201224  -49.1767
>
20201218  44.8437
20201230  51.8489
>
20201224  -49.1767
20201230  51.8489
