   1  20200111 20200123    -22.56690     12.0000  -228.00009  -216.00009    60.6683    38.1014
   2  20200111 20200204    -80.04150     24.0000  -228.00009  -204.00009    60.6683   -19.3732
   3  20200111 20200216   -130.56290     36.0000  -228.00009  -192.00010    60.6683   -69.8946
   4  20200111 20200228   -122.58130     48.0000  -228.00009  -180.00010    60.6683   -61.9130
   5  20200123 20200204    -57.47460     12.0000  -216.00009  -204.00009    38.1014   -19.3732
   6  20200123 20200216   -107.99600     24.0000  -216.00009  -192.00010    38.1014   -69.8946
   7  20200123 20200228   -100.01440     36.0000  -216.00009  -180.00010    38.1014   -61.9130
   8  20200123 20200311     -5.99270     48.0000  -216.00009  -168.00010    38.1014    32.1087
   9  20200204 20200216    -50.52140     12.0000  -204.00009  -192.00010   -19.3732   -69.8946
  10  20200204 20200228    -42.53980     24.0000  -204.00009  -180.00010   -19.3732   -61.9130
  11  20200204 20200311     51.48190     36.0000  -204.00009  -168.00010   -19.3732    32.1087
  12  20200204 20200323     60.83110     48.0000  -204.00009  -156.00010   -19.3732    41.4579
  13  20200216 20200228      7.98160     12.0000  -192.00010  -180.00010   -69.8946   -61.9130
  14  20200216 20200311    102.00330     24.0000  -192.00010  -168.00010   -69.8946    32.1087
  15  20200216 20200323    111.35250     36.0000  -192.00010  -156.00010   -69.8946    41.4579
  16  20200216 20200404     58.24980     48.0000  -192.00010  -144.00009   -69.8946   -11.6448
  17  20200228 20200311     94.02170     12.0000  -180.00010  -168.00010   -61.9130    32.1087
  18  20200228 20200323    103.37090     24.0000  -180.00010  -156.00010   -61.9130    41.4579
  19  20200228 20200404     50.26820     36.0000  -180.00010  -144.00009   -61.9130   -11.6448
  20  20200228 20200416     20.76180     48.0000  -180.00010  -132.00009   -61.9130   -41.1512
  21  20200311 20200323      9.34920     12.0000  -168.00010  -156.00010    32.1087    41.4579
  22  20200311 20200404    -43.75350     24.0000  -168.00010  -144.00009    32.1087   -11.6448
  23  20200311 20200416    -73.25990     36.0000  -168.00010  -132.00009    32.1087   -41.1512
  24  20200311 20200428    -95.45360     48.0000  -168.00010  -120.00008    32.1087   -63.3449
  25  20200323 20200404    -53.10270     12.0000  -156.00010  -144.00009    41.4579   -11.6448
  26  20200323 20200416    -82.60910     24.0000  -156.00010  -132.00009    41.4579   -41.1512
  27  20200323 20200428   -104.80280     36.0000  -156.00010  -120.00008    41.4579   -63.3449
  28  20200323 20200510   -140.14390     48.0000  -156.00010  -108.00008    41.4579   -98.6860
  29  20200404 20200416    -29.50640     12.0000  -144.00009  -132.00009   -11.6448   -41.1512
  30  20200404 20200428    -51.70010     24.0000  -144.00009  -120.00008   -11.6448   -63.3449
  31  20200404 20200510    -87.04120     36.0000  -144.00009  -108.00008   -11.6448   -98.6860
  32  20200404 20200522      1.76460     48.0000  -144.00009   -96.00007   -11.6448    -9.8802
  33  20200416 20200428    -22.19370     12.0000  -132.00009  -120.00008   -41.1512   -63.3449
  34  20200416 20200510    -57.53480     24.0000  -132.00009  -108.00008   -41.1512   -98.6860
  35  20200416 20200522     31.27100     36.0000  -132.00009   -96.00007   -41.1512    -9.8802
  36  20200416 20200603    -29.54720     48.0000  -132.00009   -84.00006   -41.1512   -70.6984
  37  20200428 20200510    -35.34110     12.0000  -120.00008  -108.00008   -63.3449   -98.6860
  38  20200428 20200522     53.46470     24.0000  -120.00008   -96.00007   -63.3449    -9.8802
  39  20200428 20200603     -7.35350     36.0000  -120.00008   -84.00006   -63.3449   -70.6984
  40  20200428 20200615     55.48430     48.0000  -120.00008   -72.00005   -63.3449    -7.8606
  41  20200510 20200522     88.80580     12.0000  -108.00008   -96.00007   -98.6860    -9.8802
  42  20200510 20200603     27.98760     24.0000  -108.00008   -84.00006   -98.6860   -70.6984
  43  20200510 20200615     90.82540     36.0000  -108.00008   -72.00005   -98.6860    -7.8606
  44  20200510 20200627      9.33940     48.0000  -108.00008   -60.00004   -98.6860   -89.3466
  45  20200522 20200603    -60.81820     12.0000   -96.00007   -84.00006    -9.8802   -70.6984
  46  20200522 20200615      2.01960     24.0000   -96.00007   -72.00005    -9.8802    -7.8606
  47  20200522 20200627    -79.46640     36.0000   -96.00007   -60.00004    -9.8802   -89.3466
  48  20200522 20200709    -83.98450     48.0000   -96.00007   -48.00003    -9.8802   -93.8647
  49  20200603 20200615     62.83780     12.0000   -84.00006   -72.00005   -70.6984    -7.8606
  50  20200603 20200627    -18.64820     24.0000   -84.00006   -60.00004   -70.6984   -89.3466
  51  20200603 20200709    -23.16630     36.0000   -84.00006   -48.00003   -70.6984   -93.8647
  52  20200603 20200721     67.96580     48.0000   -84.00006   -36.00002   -70.6984    -2.7326
  53  20200615 20200627    -81.48600     12.0000   -72.00005   -60.00004    -7.8606   -89.3466
  54  20200615 20200709    -86.00410     24.0000   -72.00005   -48.00003    -7.8606   -93.8647
  55  20200615 20200721      5.12800     36.0000   -72.00005   -36.00002    -7.8606    -2.7326
  56  20200615 20200802     35.60370     48.0000   -72.00005   -24.00002    -7.8606    27.7431
  57  20200627 20200709     -4.51810     12.0000   -60.00004   -48.00003   -89.3466   -93.8647
  58  20200627 20200721     86.61400     24.0000   -60.00004   -36.00002   -89.3466    -2.7326
  59  20200627 20200802    117.08970     36.0000   -60.00004   -24.00002   -89.3466    27.7431
  60  20200627 20200814     52.56270     48.0000   -60.00004   -12.00001   -89.3466   -36.7839
  61  20200709 20200721     91.13210     12.0000   -48.00003   -36.00002   -93.8647    -2.7326
  62  20200709 20200802    121.60780     24.0000   -48.00003   -24.00002   -93.8647    27.7431
  63  20200709 20200814     57.08080     36.0000   -48.00003   -12.00001   -93.8647   -36.7839
  64  20200709 20200826     93.86470     48.0000   -48.00003     0.00000   -93.8647     0.0000
  65  20200721 20200802     30.47570     12.0000   -36.00002   -24.00002    -2.7326    27.7431
  66  20200721 20200814    -34.05130     24.0000   -36.00002   -12.00001    -2.7326   -36.7839
  67  20200721 20200901    -32.25780     41.9995   -36.00002     5.99952    -2.7326   -34.9904
  68  20200721 20200907      0.38590     48.0000   -36.00002    12.00000    -2.7326    -2.3467
  69  20200721 20200826      2.73260     36.0000   -36.00002     0.00000    -2.7326     0.0000
  70  20200802 20200814    -64.52700     12.0000   -24.00002   -12.00001    27.7431   -36.7839
  71  20200802 20200901    -62.73350     29.9995   -24.00002     5.99952    27.7431   -34.9904
  72  20200802 20200907    -30.08980     36.0000   -24.00002    12.00000    27.7431    -2.3467
  73  20200802 20200913    -13.43760     41.9995   -24.00002    17.99952    27.7431    14.3055
  74  20200802 20200919    -23.98130     48.0000   -24.00002    24.00001    27.7431     3.7618
  75  20200802 20200826    -27.74310     24.0000   -24.00002     0.00000    27.7431     0.0000
  76  20200814 20200901      1.79350     17.9995   -12.00001     5.99952   -36.7839   -34.9904
  77  20200814 20200907     34.43720     24.0000   -12.00001    12.00000   -36.7839    -2.3467
  78  20200814 20200913     51.08940     29.9995   -12.00001    17.99952   -36.7839    14.3055
  79  20200814 20200919     40.54570     36.0000   -12.00001    24.00001   -36.7839     3.7618
  80  20200814 20200925     22.23580     41.9995   -12.00001    29.99953   -36.7839   -14.5481
  81  20200814 20201001     27.98050     48.0000   -12.00001    36.00001   -36.7839    -8.8034
  82  20200814 20200826     36.78390     12.0000   -12.00001     0.00000   -36.7839     0.0000
  83  20200901 20200907     32.64370      6.0005     5.99952    12.00000   -34.9904    -2.3467
  84  20200901 20200913     49.29590     12.0000     5.99952    17.99952   -34.9904    14.3055
  85  20200901 20200919     38.75220     18.0005     5.99952    24.00001   -34.9904     3.7618
  86  20200901 20200925     20.44230     24.0000     5.99952    29.99953   -34.9904   -14.5481
  87  20200901 20201001     26.18700     30.0005     5.99952    36.00001   -34.9904    -8.8034
  88  20200901 20201013     52.81650     42.0005     5.99952    48.00002   -34.9904    17.8261
  89  20200901 20201019    -55.00830     48.0000     5.99952    53.99953   -34.9904   -89.9987
  90  20200901 20200826     34.99040     -5.9995     5.99952     0.00000   -34.9904     0.0000
  91  20200907 20200913     16.65220      5.9995    12.00000    17.99952    -2.3467    14.3055
  92  20200907 20200919      6.10850     12.0000    12.00000    24.00001    -2.3467     3.7618
  93  20200907 20200925    -12.20140     17.9995    12.00000    29.99953    -2.3467   -14.5481
  94  20200907 20201001     -6.45670     24.0000    12.00000    36.00001    -2.3467    -8.8034
  95  20200907 20201013     20.17280     36.0000    12.00000    48.00002    -2.3467    17.8261
  96  20200907 20201019    -87.65200     41.9995    12.00000    53.99953    -2.3467   -89.9987
  97  20200907 20201025    -26.22950     48.0000    12.00000    60.00002    -2.3467   -28.5762
  98  20200907 20200826      2.34670    -12.0000    12.00000     0.00000    -2.3467     0.0000
  99  20200913 20200919    -10.54370      6.0005    17.99952    24.00001    14.3055     3.7618
 100  20200913 20200925    -28.85360     12.0000    17.99952    29.99953    14.3055   -14.5481
 101  20200913 20201001    -23.10890     18.0005    17.99952    36.00001    14.3055    -8.8034
 102  20200913 20201013      3.52060     30.0005    17.99952    48.00002    14.3055    17.8261
 103  20200913 20201019   -104.30420     36.0000    17.99952    53.99953    14.3055   -89.9987
 104  20200913 20201025    -42.88170     42.0005    17.99952    60.00002    14.3055   -28.5762
 105  20200913 20201031    -11.51940     48.0000    17.99952    65.99953    14.3055     2.7861
 106  20200913 20200826    -14.30550    -17.9995    17.99952     0.00000    14.3055     0.0000
 107  20200919 20200925    -18.30990      5.9995    24.00001    29.99953     3.7618   -14.5481
 108  20200919 20201001    -12.56520     12.0000    24.00001    36.00001     3.7618    -8.8034
 109  20200919 20201013     14.06430     24.0000    24.00001    48.00002     3.7618    17.8261
 110  20200919 20201019    -93.76050     29.9995    24.00001    53.99953     3.7618   -89.9987
 111  20200919 20201025    -32.33800     36.0000    24.00001    60.00002     3.7618   -28.5762
 112  20200919 20201031     -0.97570     41.9995    24.00001    65.99953     3.7618     2.7861
 113  20200919 20201106      6.06560     48.0000    24.00001    72.00001     3.7618     9.8274
 114  20200919 20200826     -3.76180    -24.0000    24.00001     0.00000     3.7618     0.0000
 115  20200925 20201001      5.74470      6.0005    29.99953    36.00001   -14.5481    -8.8034
 116  20200925 20201013     32.37420     18.0005    29.99953    48.00002   -14.5481    17.8261
 117  20200925 20201019    -75.45060     24.0000    29.99953    53.99953   -14.5481   -89.9987
 118  20200925 20201025    -14.02810     30.0005    29.99953    60.00002   -14.5481   -28.5762
 119  20200925 20201031     17.33420     36.0000    29.99953    65.99953   -14.5481     2.7861
 120  20200925 20201106     24.37550     42.0005    29.99953    72.00001   -14.5481     9.8274
 121  20200925 20201112    -20.24010     48.0000    29.99953    77.99953   -14.5481   -34.7882
 122  20200925 20200826     14.54810    -29.9995    29.99953     0.00000   -14.5481     0.0000
 123  20201001 20201013     26.62950     12.0000    36.00001    48.00002    -8.8034    17.8261
 124  20201001 20201019    -81.19530     17.9995    36.00001    53.99953    -8.8034   -89.9987
 125  20201001 20201025    -19.77280     24.0000    36.00001    60.00002    -8.8034   -28.5762
 126  20201001 20201031     11.58950     29.9995    36.00001    65.99953    -8.8034     2.7861
 127  20201001 20201106     18.63080     36.0000    36.00001    72.00001    -8.8034     9.8274
 128  20201001 20201112    -25.98480     41.9995    36.00001    77.99953    -8.8034   -34.7882
 129  20201001 20201118     32.35730     48.0000    36.00001    84.00001    -8.8034    23.5539
 130  20201001 20200826      8.80340    -36.0000    36.00001     0.00000    -8.8034     0.0000
 131  20201013 20201019   -107.82480      5.9995    48.00002    53.99953    17.8261   -89.9987
 132  20201013 20201025    -46.40230     12.0000    48.00002    60.00002    17.8261   -28.5762
 133  20201013 20201031    -15.04000     17.9995    48.00002    65.99953    17.8261     2.7861
 134  20201013 20201106     -7.99870     24.0000    48.00002    72.00001    17.8261     9.8274
 135  20201013 20201112    -52.61430     29.9995    48.00002    77.99953    17.8261   -34.7882
 136  20201013 20201118      5.72780     36.0000    48.00002    84.00001    17.8261    23.5539
 137  20201013 20201124    -60.10530     41.9995    48.00002    89.99952    17.8261   -42.2792
 138  20201013 20201130    -17.50120     48.0000    48.00002    96.00001    17.8261     0.3249
 139  20201013 20200826    -17.82610    -48.0000    48.00002     0.00000    17.8261     0.0000
 140  20201019 20201025     61.42250      6.0005    53.99953    60.00002   -89.9987   -28.5762
 141  20201019 20201031     92.78480     12.0000    53.99953    65.99953   -89.9987     2.7861
 142  20201019 20201106     99.82610     18.0005    53.99953    72.00001   -89.9987     9.8274
 143  20201019 20201112     55.21050     24.0000    53.99953    77.99953   -89.9987   -34.7882
 144  20201019 20201118    113.55260     30.0005    53.99953    84.00001   -89.9987    23.5539
 145  20201019 20201124     47.71950     36.0000    53.99953    89.99952   -89.9987   -42.2792
 146  20201019 20201130     90.32360     42.0005    53.99953    96.00001   -89.9987     0.3249
 147  20201019 20201206     86.16440     48.0000    53.99953   101.99952   -89.9987    -3.8343
 148  20201025 20201031     31.36230      5.9995    60.00002    65.99953   -28.5762     2.7861
 149  20201025 20201106     38.40360     12.0000    60.00002    72.00001   -28.5762     9.8274
 150  20201025 20201112     -6.21200     17.9995    60.00002    77.99953   -28.5762   -34.7882
 151  20201025 20201118     52.13010     24.0000    60.00002    84.00001   -28.5762    23.5539
 152  20201025 20201124    -13.70300     29.9995    60.00002    89.99952   -28.5762   -42.2792
 153  20201025 20201130     28.90110     36.0000    60.00002    96.00001   -28.5762     0.3249
 154  20201025 20201206     24.74190     41.9995    60.00002   101.99952   -28.5762    -3.8343
 155  20201025 20201212     52.14700     48.0000    60.00002   108.00000   -28.5762    23.5708
 156  20201031 20201106      7.04130      6.0005    65.99953    72.00001     2.7861     9.8274
 157  20201031 20201112    -37.57430     12.0000    65.99953    77.99953     2.7861   -34.7882
 158  20201031 20201118     20.76780     18.0005    65.99953    84.00001     2.7861    23.5539
 159  20201031 20201124    -45.06530     24.0000    65.99953    89.99952     2.7861   -42.2792
 160  20201031 20201130     -2.46120     30.0005    65.99953    96.00001     2.7861     0.3249
 161  20201031 20201206     -6.62040     36.0000    65.99953   101.99952     2.7861    -3.8343
 162  20201031 20201212     20.78470     42.0005    65.99953   108.00000     2.7861    23.5708
 163  20201031 20201218     42.05760     48.0000    65.99953   113.99951     2.7861    44.8437
 164  20201106 20201112    -44.61560      5.9995    72.00001    77.99953     9.8274   -34.7882
 165  20201106 20201118     13.72650     12.0000    72.00001    84.00001     9.8274    23.5539
 166  20201106 20201124    -52.10660     17.9995    72.00001    89.99952     9.8274   -42.2792
 167  20201106 20201130     -9.50250     24.0000    72.00001    96.00001     9.8274     0.3249
 168  20201106 20201206    -13.66170     29.9995    72.00001   101.99952     9.8274    -3.8343
 169  20201106 20201212     13.74340     36.0000    72.00001   108.00000     9.8274    23.5708
 170  20201106 20201218     35.01630     41.9995    72.00001   113.99951     9.8274    44.8437
 171  20201106 20201224    -59.00410     48.0000    72.00001   119.99999     9.8274   -49.1767
 172  20201112 20201118     58.34210      6.0005    77.99953    84.00001   -34.7882    23.5539
 173  20201112 20201124     -7.49100     12.0000    77.99953    89.99952   -34.7882   -42.2792
 174  20201112 20201130     35.11310     18.0005    77.99953    96.00001   -34.7882     0.3249
 175  20201112 20201206     30.95390     24.0000    77.99953   101.99952   -34.7882    -3.8343
 176  20201112 20201212     58.35900     30.0005    77.99953   108.00000   -34.7882    23.5708
 177  20201112 20201218     79.63190     36.0000    77.99953   113.99951   -34.7882    44.8437
 178  20201112 20201224    -14.38850     42.0005    77.99953   119.99999   -34.7882   -49.1767
 179  20201112 20201230     86.63710     48.0000    77.99953   125.99951   -34.7882    51.8489
 180  20201118 20201124    -65.83310      5.9995    84.00001    89.99952    23.5539   -42.2792
 181  20201118 20201130    -23.22900     12.0000    84.00001    96.00001    23.5539     0.3249
 182  20201118 20201206    -27.38820     17.9995    84.00001   101.99952    23.5539    -3.8343
 183  20201118 20201212      0.01690     24.0000    84.00001   108.00000    23.5539    23.5708
 184  20201118 20201218     21.28980     29.9995    84.00001   113.99951    23.5539    44.8437
 185  20201118 20201224    -72.73060     36.0000    84.00001   119.99999    23.5539   -49.1767
 186  20201118 20201230     28.29500     41.9995    84.00001   125.99951    23.5539    51.8489
 187  20201124 20201130     42.60410      6.0005    89.99952    96.00001   -42.2792     0.3249
 188  20201124 20201206     38.44490     12.0000    89.99952   101.99952   -42.2792    -3.8343
 189  20201124 20201212     65.85000     18.0005    89.99952   108.00000   -42.2792    23.5708
 190  20201124 20201218     87.12290     24.0000    89.99952   113.99951   -42.2792    44.8437
 191  20201124 20201224     -6.89750     30.0005    89.99952   119.99999   -42.2792   -49.1767
 192  20201124 20201230     94.12810     36.0000    89.99952   125.99951   -42.2792    51.8489
 193  20201130 20201206     -4.15920      5.9995    96.00001   101.99952     0.3249    -3.8343
 194  20201130 20201212     23.24590     12.0000    96.00001   108.00000     0.3249    23.5708
 195  20201130 20201218     44.51880     17.9995    96.00001   113.99951     0.3249    44.8437
 196  20201130 20201224    -49.50160     24.0000    96.00001   119.99999     0.3249   -49.1767
 197  20201130 20201230     51.52400     29.9995    96.00001   125.99951     0.3249    51.8489
 198  20201206 20201212     27.40510      6.0005   101.99952   108.00000    -3.8343    23.5708
 199  20201206 20201218     48.67800     12.0000   101.99952   113.99951    -3.8343    44.8437
 200  20201206 20201224    -45.34240     18.0005   101.99952   119.99999    -3.8343   -49.1767
 201  20201206 20201230     55.68320     24.0000   101.99952   125.99951    -3.8343    51.8489
 202  20201212 20201218     21.27290      5.9995   108.00000   113.99951    23.5708    44.8437
 203  20201212 20201224    -72.74750     12.0000   108.00000   119.99999    23.5708   -49.1767
 204  20201212 20201230     28.27810     17.9995   108.00000   125.99951    23.5708    51.8489
 205  20201218 20201224    -94.02040      6.0005   113.99951   119.99999    44.8437   -49.1767
 206  20201218 20201230      7.00520     12.0000   113.99951   125.99951    44.8437    51.8489
 207  20201224 20201230    101.02560      5.9995   119.99999   125.99951   -49.1767    51.8489
