>-Z1.0
102.96	26.88	-0.0
102.82	26.98	-0.0
102.83	26.989	-3.0
102.969	26.89	-3.0
>-Z1.0
102.82	26.98	-0.0
102.7	27.11	-0.0
102.712	27.117	-3.0
102.83	26.989	-3.0
>-Z1.0
102.7	27.11	-0.0
102.61	27.25	-0.0
102.622	27.257	-3.0
102.712	27.117	-3.0
>-Z1.0
102.61	27.25	-0.0
102.52	27.36	-0.0
102.532	27.367	-3.0
102.622	27.257	-3.0
>-Z1.0
102.52	27.36	-0.0
102.45	27.46	-0.0
102.462	27.466	-3.0
102.532	27.367	-3.0
>-Z1.0
102.45	27.46	-0.0
102.36	27.61	-0.0
102.373	27.616	-3.0
102.462	27.466	-3.0
>-Z1.0
102.36	27.61	-0.0
102.29	27.73	-0.0
102.303	27.735	-3.0
102.373	27.616	-3.0
>-Z1.0
102.29	27.73	-0.0
102.24	27.84	-0.0
102.254	27.842	-3.0
102.303	27.735	-3.0
>-Z1.0
102.24	27.84	-0.0
102.24	27.97	-0.0
102.254	27.971	-3.0
102.254	27.842	-3.0
>-Z1.0
102.24	27.97	-0.0
102.22	28.12	-0.0
102.234	28.12	-3.0
102.254	27.971	-3.0
>-Z1.0
102.22	28.12	-0.0
102.23	28.3	-0.0
102.244	28.3	-3.0
102.234	28.12	-3.0
>-Z1.0
102.23	28.3	-0.0
102.23	28.5	-0.0
102.244	28.5	-3.0
102.244	28.3	-3.0
>-Z1.0
102.23	28.5	-0.0
102.24	28.71	-0.0
102.254	28.71	-3.0
102.244	28.5	-3.0
>-Z1.0
102.24	28.71	-0.0
102.24	28.86	-0.0
102.254	28.86	-3.0
102.254	28.71	-3.0
>-Z1.0
102.24	28.86	-0.0
102.25	29.0	-0.0
102.264	28.999	-3.0
102.254	28.86	-3.0
>-Z1.0
102.25	29.0	-0.0
102.26	29.15	-0.0
102.274	29.15	-3.0
102.264	28.999	-3.0
>-Z1.0
102.26	29.15	-0.0
102.24	29.25	-0.0
102.254	29.251	-3.0
102.274	29.15	-3.0
>-Z1.0
102.24	29.25	-0.0
102.24	29.39	-0.0
102.254	29.391	-3.0
102.254	29.251	-3.0
>-Z1.0
102.24	29.39	-0.0
102.22	29.52	-0.0
102.234	29.522	-3.0
102.254	29.391	-3.0
>-Z1.0
102.22	29.52	-0.0
102.2	29.67	-0.0
102.214	29.673	-3.0
102.234	29.522	-3.0
>-Z1.0
102.2	29.67	-0.0
102.14	29.85	-0.0
102.154	29.854	-3.0
102.214	29.673	-3.0
>-Z1.0
102.14	29.85	-0.0
102.09	30.0	-0.0
102.104	30.004	-3.0
102.154	29.854	-3.0
>-Z0.91
102.969	26.89	-3.0
102.83	26.989	-3.0
102.84	26.998	-6.0
102.978	26.9	-6.0
>-Z0.91
102.83	26.989	-3.0
102.712	27.117	-3.0
102.723	27.124	-6.0
102.84	26.998	-6.0
>-Z0.91
102.712	27.117	-3.0
102.622	27.257	-3.0
102.634	27.264	-6.0
102.723	27.124	-6.0
>-Z0.91
102.622	27.257	-3.0
102.532	27.367	-3.0
102.543	27.374	-6.0
102.634	27.264	-6.0
>-Z0.91
102.532	27.367	-3.0
102.462	27.466	-3.0
102.475	27.472	-6.0
102.543	27.374	-6.0
>-Z0.91
102.462	27.466	-3.0
102.373	27.616	-3.0
102.385	27.622	-6.0
102.475	27.472	-6.0
>-Z0.91
102.373	27.616	-3.0
102.303	27.735	-3.0
102.316	27.741	-6.0
102.385	27.622	-6.0
>-Z0.91
102.303	27.735	-3.0
102.254	27.842	-3.0
102.268	27.845	-6.0
102.316	27.741	-6.0
>-Z0.91
102.254	27.842	-3.0
102.254	27.971	-3.0
102.268	27.972	-6.0
102.268	27.845	-6.0
>-Z0.91
102.254	27.971	-3.0
102.234	28.12	-3.0
102.249	28.121	-6.0
102.268	27.972	-6.0
>-Z0.91
102.234	28.12	-3.0
102.244	28.3	-3.0
102.259	28.299	-6.0
102.249	28.121	-6.0
>-Z0.91
102.244	28.3	-3.0
102.244	28.5	-3.0
102.259	28.499	-6.0
102.259	28.299	-6.0
>-Z0.91
102.244	28.5	-3.0
102.254	28.71	-3.0
102.269	28.709	-6.0
102.259	28.499	-6.0
>-Z0.91
102.254	28.71	-3.0
102.254	28.86	-3.0
102.269	28.859	-6.0
102.269	28.709	-6.0
>-Z0.91
102.254	28.86	-3.0
102.264	28.999	-3.0
102.279	28.998	-6.0
102.269	28.859	-6.0
>-Z0.91
102.264	28.999	-3.0
102.274	29.15	-3.0
102.289	29.151	-6.0
102.279	28.998	-6.0
>-Z0.91
102.274	29.15	-3.0
102.254	29.251	-3.0
102.269	29.252	-6.0
102.289	29.151	-6.0
>-Z0.91
102.254	29.251	-3.0
102.254	29.391	-3.0
102.269	29.392	-6.0
102.269	29.252	-6.0
>-Z0.91
102.254	29.391	-3.0
102.234	29.522	-3.0
102.249	29.523	-6.0
102.269	29.392	-6.0
>-Z0.91
102.234	29.522	-3.0
102.214	29.673	-3.0
102.228	29.675	-6.0
102.249	29.523	-6.0
>-Z0.91
102.214	29.673	-3.0
102.154	29.854	-3.0
102.168	29.857	-6.0
102.228	29.675	-6.0
>-Z0.91
102.154	29.854	-3.0
102.104	30.004	-3.0
102.118	30.007	-6.0
102.168	29.857	-6.0
>-Z0.8200000000000001
102.978	26.9	-6.0
102.84	26.998	-6.0
102.85	27.007	-9.0
102.986	26.91	-9.0
>-Z0.8200000000000001
102.84	26.998	-6.0
102.723	27.124	-6.0
102.735	27.132	-9.0
102.85	27.007	-9.0
>-Z0.8200000000000001
102.723	27.124	-6.0
102.634	27.264	-6.0
102.646	27.27	-9.0
102.735	27.132	-9.0
>-Z0.8200000000000001
102.634	27.264	-6.0
102.543	27.374	-6.0
102.555	27.381	-9.0
102.646	27.27	-9.0
>-Z0.8200000000000001
102.543	27.374	-6.0
102.475	27.472	-6.0
102.487	27.479	-9.0
102.555	27.381	-9.0
>-Z0.8200000000000001
102.475	27.472	-6.0
102.385	27.622	-6.0
102.398	27.628	-9.0
102.487	27.479	-9.0
>-Z0.8200000000000001
102.385	27.622	-6.0
102.316	27.741	-6.0
102.329	27.746	-9.0
102.398	27.628	-9.0
>-Z0.8200000000000001
102.316	27.741	-6.0
102.268	27.845	-6.0
102.282	27.847	-9.0
102.329	27.746	-9.0
>-Z0.8200000000000001
102.268	27.845	-6.0
102.268	27.972	-6.0
102.283	27.972	-9.0
102.282	27.847	-9.0
>-Z0.8200000000000001
102.268	27.972	-6.0
102.249	28.121	-6.0
102.263	28.121	-9.0
102.283	27.972	-9.0
>-Z0.8200000000000001
102.249	28.121	-6.0
102.259	28.299	-6.0
102.273	28.299	-9.0
102.263	28.121	-9.0
>-Z0.8200000000000001
102.259	28.299	-6.0
102.259	28.499	-6.0
102.273	28.499	-9.0
102.273	28.299	-9.0
>-Z0.8200000000000001
102.259	28.499	-6.0
102.269	28.709	-6.0
102.283	28.709	-9.0
102.273	28.499	-9.0
>-Z0.8200000000000001
102.269	28.709	-6.0
102.269	28.859	-6.0
102.283	28.859	-9.0
102.283	28.709	-9.0
>-Z0.8200000000000001
102.269	28.859	-6.0
102.279	28.998	-6.0
102.293	28.998	-9.0
102.283	28.859	-9.0
>-Z0.8200000000000001
102.279	28.998	-6.0
102.289	29.151	-6.0
102.303	29.151	-9.0
102.293	28.998	-9.0
>-Z0.8200000000000001
102.289	29.151	-6.0
102.269	29.252	-6.0
102.283	29.253	-9.0
102.303	29.151	-9.0
>-Z0.8200000000000001
102.269	29.252	-6.0
102.269	29.392	-6.0
102.283	29.392	-9.0
102.283	29.253	-9.0
>-Z0.8200000000000001
102.269	29.392	-6.0
102.249	29.523	-6.0
102.263	29.525	-9.0
102.283	29.392	-9.0
>-Z0.8200000000000001
102.249	29.523	-6.0
102.228	29.675	-6.0
102.243	29.678	-9.0
102.263	29.525	-9.0
>-Z0.8200000000000001
102.228	29.675	-6.0
102.168	29.857	-6.0
102.182	29.861	-9.0
102.243	29.678	-9.0
>-Z0.8200000000000001
102.168	29.857	-6.0
102.118	30.007	-6.0
102.132	30.011	-9.0
102.182	29.861	-9.0
>-Z0.73
102.986	26.91	-9.0
102.85	27.007	-9.0
102.86	27.016	-12.0
102.995	26.919	-12.0
>-Z0.73
102.85	27.007	-9.0
102.735	27.132	-9.0
102.746	27.139	-12.0
102.86	27.016	-12.0
>-Z0.73
102.735	27.132	-9.0
102.646	27.27	-9.0
102.658	27.277	-12.0
102.746	27.139	-12.0
>-Z0.73
102.646	27.27	-9.0
102.555	27.381	-9.0
102.567	27.388	-12.0
102.658	27.277	-12.0
>-Z0.73
102.555	27.381	-9.0
102.487	27.479	-9.0
102.499	27.485	-12.0
102.567	27.388	-12.0
>-Z0.73
102.487	27.479	-9.0
102.398	27.628	-9.0
102.41	27.633	-12.0
102.499	27.485	-12.0
>-Z0.73
102.398	27.628	-9.0
102.329	27.746	-9.0
102.342	27.751	-12.0
102.41	27.633	-12.0
>-Z0.73
102.329	27.746	-9.0
102.282	27.847	-9.0
102.296	27.849	-12.0
102.342	27.751	-12.0
>-Z0.73
102.282	27.847	-9.0
102.283	27.972	-9.0
102.297	27.973	-12.0
102.296	27.849	-12.0
>-Z0.73
102.283	27.972	-9.0
102.263	28.121	-9.0
102.277	28.121	-12.0
102.297	27.973	-12.0
>-Z0.73
102.263	28.121	-9.0
102.273	28.299	-9.0
102.287	28.299	-12.0
102.277	28.121	-12.0
>-Z0.73
102.273	28.299	-9.0
102.273	28.499	-9.0
102.287	28.499	-12.0
102.287	28.299	-12.0
>-Z0.73
102.273	28.499	-9.0
102.283	28.709	-9.0
102.297	28.709	-12.0
102.287	28.499	-12.0
>-Z0.73
102.283	28.709	-9.0
102.283	28.859	-9.0
102.297	28.858	-12.0
102.297	28.709	-12.0
>-Z0.73
102.283	28.859	-9.0
102.293	28.998	-9.0
102.307	28.997	-12.0
102.297	28.858	-12.0
>-Z0.73
102.293	28.998	-9.0
102.303	29.151	-9.0
102.318	29.152	-12.0
102.307	28.997	-12.0
>-Z0.73
102.303	29.151	-9.0
102.283	29.253	-9.0
102.298	29.254	-12.0
102.318	29.152	-12.0
>-Z0.73
102.283	29.253	-9.0
102.283	29.392	-9.0
102.298	29.393	-12.0
102.298	29.254	-12.0
>-Z0.73
102.283	29.392	-9.0
102.263	29.525	-9.0
102.277	29.526	-12.0
102.298	29.393	-12.0
>-Z0.73
102.263	29.525	-9.0
102.243	29.678	-9.0
102.257	29.68	-12.0
102.277	29.526	-12.0
>-Z0.73
102.243	29.678	-9.0
102.182	29.861	-9.0
102.196	29.864	-12.0
102.257	29.68	-12.0
>-Z0.73
102.182	29.861	-9.0
102.132	30.011	-9.0
102.146	30.014	-12.0
102.196	29.864	-12.0
>-Z0.64
102.995	26.919	-12.0
102.86	27.016	-12.0
102.88	27.034	-18.0
103.013	26.939	-18.0
>-Z0.64
102.86	27.016	-12.0
102.746	27.139	-12.0
102.77	27.153	-18.0
102.88	27.034	-18.0
>-Z0.64
102.746	27.139	-12.0
102.658	27.277	-12.0
102.681	27.291	-18.0
102.77	27.153	-18.0
>-Z0.64
102.658	27.277	-12.0
102.567	27.388	-12.0
102.59	27.402	-18.0
102.681	27.291	-18.0
>-Z0.64
102.567	27.388	-12.0
102.499	27.485	-12.0
102.524	27.497	-18.0
102.59	27.402	-18.0
>-Z0.64
102.499	27.485	-12.0
102.41	27.633	-12.0
102.435	27.645	-18.0
102.524	27.497	-18.0
>-Z0.64
102.41	27.633	-12.0
102.342	27.751	-12.0
102.367	27.762	-18.0
102.435	27.645	-18.0
>-Z0.64
102.342	27.751	-12.0
102.296	27.849	-12.0
102.324	27.853	-18.0
102.367	27.762	-18.0
>-Z0.64
102.296	27.849	-12.0
102.297	27.973	-12.0
102.325	27.975	-18.0
102.324	27.853	-18.0
>-Z0.64
102.297	27.973	-12.0
102.277	28.121	-12.0
102.306	28.122	-18.0
102.325	27.975	-18.0
>-Z0.64
102.277	28.121	-12.0
102.287	28.299	-12.0
102.316	28.298	-18.0
102.306	28.122	-18.0
>-Z0.64
102.287	28.299	-12.0
102.287	28.499	-12.0
102.316	28.498	-18.0
102.316	28.298	-18.0
>-Z0.64
102.287	28.499	-12.0
102.297	28.709	-12.0
102.326	28.708	-18.0
102.316	28.498	-18.0
>-Z0.64
102.297	28.709	-12.0
102.297	28.858	-12.0
102.326	28.858	-18.0
102.326	28.708	-18.0
>-Z0.64
102.297	28.858	-12.0
102.307	28.997	-12.0
102.336	28.995	-18.0
102.326	28.858	-18.0
>-Z0.64
102.307	28.997	-12.0
102.318	29.152	-12.0
102.346	29.153	-18.0
102.336	28.995	-18.0
>-Z0.64
102.318	29.152	-12.0
102.298	29.254	-12.0
102.326	29.255	-18.0
102.346	29.153	-18.0
>-Z0.64
102.298	29.254	-12.0
102.298	29.393	-12.0
102.326	29.395	-18.0
102.326	29.255	-18.0
>-Z0.64
102.298	29.393	-12.0
102.277	29.526	-12.0
102.306	29.529	-18.0
102.326	29.395	-18.0
>-Z0.64
102.277	29.526	-12.0
102.257	29.68	-12.0
102.285	29.686	-18.0
102.306	29.529	-18.0
>-Z0.64
102.257	29.68	-12.0
102.196	29.864	-12.0
102.224	29.871	-18.0
102.285	29.686	-18.0
>-Z0.64
102.196	29.864	-12.0
102.146	30.014	-12.0
102.174	30.021	-18.0
102.224	29.871	-18.0
>-Z0.55
103.013	26.939	-18.0
102.88	27.034	-18.0
102.903	27.055	-25.0
103.033	26.962	-25.0
>-Z0.55
102.88	27.034	-18.0
102.77	27.153	-18.0
102.797	27.17	-25.0
102.903	27.055	-25.0
>-Z0.55
102.77	27.153	-18.0
102.681	27.291	-18.0
102.709	27.307	-25.0
102.797	27.17	-25.0
>-Z0.55
102.681	27.291	-18.0
102.59	27.402	-18.0
102.618	27.419	-25.0
102.709	27.307	-25.0
>-Z0.55
102.59	27.402	-18.0
102.524	27.497	-18.0
102.553	27.512	-25.0
102.618	27.419	-25.0
>-Z0.55
102.524	27.497	-18.0
102.435	27.645	-18.0
102.465	27.659	-25.0
102.553	27.512	-25.0
>-Z0.55
102.435	27.645	-18.0
102.367	27.762	-18.0
102.397	27.775	-25.0
102.465	27.659	-25.0
>-Z0.55
102.367	27.762	-18.0
102.324	27.853	-18.0
102.357	27.859	-25.0
102.397	27.775	-25.0
>-Z0.55
102.324	27.853	-18.0
102.325	27.975	-18.0
102.358	27.976	-25.0
102.357	27.859	-25.0
>-Z0.55
102.325	27.975	-18.0
102.306	28.122	-18.0
102.339	28.123	-25.0
102.358	27.976	-25.0
>-Z0.55
102.306	28.122	-18.0
102.316	28.298	-18.0
102.349	28.298	-25.0
102.339	28.123	-25.0
>-Z0.55
102.316	28.298	-18.0
102.316	28.498	-18.0
102.349	28.498	-25.0
102.349	28.298	-25.0
>-Z0.55
102.316	28.498	-18.0
102.326	28.708	-18.0
102.359	28.707	-25.0
102.349	28.498	-25.0
>-Z0.55
102.326	28.708	-18.0
102.326	28.858	-18.0
102.36	28.857	-25.0
102.359	28.707	-25.0
>-Z0.55
102.326	28.858	-18.0
102.336	28.995	-18.0
102.37	28.994	-25.0
102.36	28.857	-25.0
>-Z0.55
102.336	28.995	-18.0
102.346	29.153	-18.0
102.38	29.154	-25.0
102.37	28.994	-25.0
>-Z0.55
102.346	29.153	-18.0
102.326	29.255	-18.0
102.36	29.258	-25.0
102.38	29.154	-25.0
>-Z0.55
102.326	29.255	-18.0
102.326	29.395	-18.0
102.36	29.397	-25.0
102.36	29.258	-25.0
>-Z0.55
102.326	29.395	-18.0
102.306	29.529	-18.0
102.34	29.533	-25.0
102.36	29.397	-25.0
>-Z0.55
102.306	29.529	-18.0
102.285	29.686	-18.0
102.318	29.692	-25.0
102.34	29.533	-25.0
>-Z0.55
102.285	29.686	-18.0
102.224	29.871	-18.0
102.256	29.879	-25.0
102.318	29.692	-25.0
>-Z0.55
102.224	29.871	-18.0
102.174	30.021	-18.0
102.206	30.029	-25.0
102.256	29.879	-25.0
>-Z0.45999999999999996
103.033	26.962	-25.0
102.903	27.055	-25.0
102.919	27.07	-30.0
103.048	26.978	-30.0
>-Z0.45999999999999996
102.903	27.055	-25.0
102.797	27.17	-25.0
102.816	27.181	-30.0
102.919	27.07	-30.0
>-Z0.45999999999999996
102.797	27.17	-25.0
102.709	27.307	-25.0
102.729	27.318	-30.0
102.816	27.181	-30.0
>-Z0.45999999999999996
102.709	27.307	-25.0
102.618	27.419	-25.0
102.637	27.431	-30.0
102.729	27.318	-30.0
>-Z0.45999999999999996
102.618	27.419	-25.0
102.553	27.512	-25.0
102.573	27.522	-30.0
102.637	27.431	-30.0
>-Z0.45999999999999996
102.553	27.512	-25.0
102.465	27.659	-25.0
102.486	27.669	-30.0
102.573	27.522	-30.0
>-Z0.45999999999999996
102.465	27.659	-25.0
102.397	27.775	-25.0
102.419	27.784	-30.0
102.486	27.669	-30.0
>-Z0.45999999999999996
102.397	27.775	-25.0
102.357	27.859	-25.0
102.38	27.862	-30.0
102.419	27.784	-30.0
>-Z0.45999999999999996
102.357	27.859	-25.0
102.358	27.976	-25.0
102.382	27.978	-30.0
102.38	27.862	-30.0
>-Z0.45999999999999996
102.358	27.976	-25.0
102.339	28.123	-25.0
102.363	28.123	-30.0
102.382	27.978	-30.0
>-Z0.45999999999999996
102.339	28.123	-25.0
102.349	28.298	-25.0
102.373	28.297	-30.0
102.363	28.123	-30.0
>-Z0.45999999999999996
102.349	28.298	-25.0
102.349	28.498	-25.0
102.373	28.497	-30.0
102.373	28.297	-30.0
>-Z0.45999999999999996
102.349	28.498	-25.0
102.359	28.707	-25.0
102.383	28.707	-30.0
102.373	28.497	-30.0
>-Z0.45999999999999996
102.359	28.707	-25.0
102.36	28.857	-25.0
102.384	28.856	-30.0
102.383	28.707	-30.0
>-Z0.45999999999999996
102.36	28.857	-25.0
102.37	28.994	-25.0
102.394	28.992	-30.0
102.384	28.856	-30.0
>-Z0.45999999999999996
102.37	28.994	-25.0
102.38	29.154	-25.0
102.404	29.154	-30.0
102.394	28.992	-30.0
>-Z0.45999999999999996
102.38	29.154	-25.0
102.36	29.258	-25.0
102.384	29.259	-30.0
102.404	29.154	-30.0
>-Z0.45999999999999996
102.36	29.258	-25.0
102.36	29.397	-25.0
102.384	29.398	-30.0
102.384	29.259	-30.0
>-Z0.45999999999999996
102.36	29.397	-25.0
102.34	29.533	-25.0
102.363	29.536	-30.0
102.384	29.398	-30.0
>-Z0.45999999999999996
102.34	29.533	-25.0
102.318	29.692	-25.0
102.342	29.696	-30.0
102.363	29.536	-30.0
>-Z0.45999999999999996
102.318	29.692	-25.0
102.256	29.879	-25.0
102.279	29.885	-30.0
102.342	29.696	-30.0
>-Z0.45999999999999996
102.256	29.879	-25.0
102.206	30.029	-25.0
102.23	30.035	-30.0
102.279	29.885	-30.0
>-Z0.37
103.048	26.978	-30.0
102.919	27.07	-30.0
102.939	27.088	-36.0
103.065	26.998	-36.0
>-Z0.37
102.919	27.07	-30.0
102.816	27.181	-30.0
102.84	27.196	-36.0
102.939	27.088	-36.0
>-Z0.37
102.816	27.181	-30.0
102.729	27.318	-30.0
102.753	27.332	-36.0
102.84	27.196	-36.0
>-Z0.37
102.729	27.318	-30.0
102.637	27.431	-30.0
102.661	27.445	-36.0
102.753	27.332	-36.0
>-Z0.37
102.637	27.431	-30.0
102.573	27.522	-30.0
102.598	27.535	-36.0
102.661	27.445	-36.0
>-Z0.37
102.573	27.522	-30.0
102.486	27.669	-30.0
102.511	27.68	-36.0
102.598	27.535	-36.0
>-Z0.37
102.486	27.669	-30.0
102.419	27.784	-30.0
102.444	27.795	-36.0
102.511	27.68	-36.0
>-Z0.37
102.419	27.784	-30.0
102.38	27.862	-30.0
102.408	27.866	-36.0
102.444	27.795	-36.0
>-Z0.37
102.38	27.862	-30.0
102.382	27.978	-30.0
102.411	27.979	-36.0
102.408	27.866	-36.0
>-Z0.37
102.382	27.978	-30.0
102.363	28.123	-30.0
102.391	28.124	-36.0
102.411	27.979	-36.0
>-Z0.37
102.363	28.123	-30.0
102.373	28.297	-30.0
102.401	28.296	-36.0
102.391	28.124	-36.0
>-Z0.37
102.373	28.297	-30.0
102.373	28.497	-30.0
102.402	28.497	-36.0
102.401	28.296	-36.0
>-Z0.37
102.373	28.497	-30.0
102.383	28.707	-30.0
102.412	28.706	-36.0
102.402	28.497	-36.0
>-Z0.37
102.383	28.707	-30.0
102.384	28.856	-30.0
102.412	28.855	-36.0
102.412	28.706	-36.0
>-Z0.37
102.384	28.856	-30.0
102.394	28.992	-30.0
102.422	28.991	-36.0
102.412	28.855	-36.0
>-Z0.37
102.394	28.992	-30.0
102.404	29.154	-30.0
102.433	29.155	-36.0
102.422	28.991	-36.0
>-Z0.37
102.404	29.154	-30.0
102.384	29.259	-30.0
102.413	29.261	-36.0
102.433	29.155	-36.0
>-Z0.37
102.384	29.259	-30.0
102.384	29.398	-30.0
102.413	29.4	-36.0
102.413	29.261	-36.0
>-Z0.37
102.384	29.398	-30.0
102.363	29.536	-30.0
102.392	29.539	-36.0
102.413	29.4	-36.0
>-Z0.37
102.363	29.536	-30.0
102.342	29.696	-30.0
102.37	29.701	-36.0
102.392	29.539	-36.0
>-Z0.37
102.342	29.696	-30.0
102.279	29.885	-30.0
102.307	29.892	-36.0
102.37	29.701	-36.0
>-Z0.37
102.279	29.885	-30.0
102.23	30.035	-30.0
102.257	30.042	-36.0
102.307	29.892	-36.0
>-Z0.28
103.065	26.998	-36.0
102.939	27.088	-36.0
102.959	27.106	-42.0
103.083	27.018	-42.0
>-Z0.28
102.939	27.088	-36.0
102.84	27.196	-36.0
102.863	27.21	-42.0
102.959	27.106	-42.0
>-Z0.28
102.84	27.196	-36.0
102.753	27.332	-36.0
102.777	27.345	-42.0
102.863	27.21	-42.0
>-Z0.28
102.753	27.332	-36.0
102.661	27.445	-36.0
102.684	27.459	-42.0
102.777	27.345	-42.0
>-Z0.28
102.661	27.445	-36.0
102.598	27.535	-36.0
102.623	27.547	-42.0
102.684	27.459	-42.0
>-Z0.28
102.598	27.535	-36.0
102.511	27.68	-36.0
102.536	27.692	-42.0
102.623	27.547	-42.0
>-Z0.28
102.511	27.68	-36.0
102.444	27.795	-36.0
102.47	27.806	-42.0
102.536	27.692	-42.0
>-Z0.28
102.444	27.795	-36.0
102.408	27.866	-36.0
102.436	27.87	-42.0
102.47	27.806	-42.0
>-Z0.28
102.408	27.866	-36.0
102.411	27.979	-36.0
102.439	27.981	-42.0
102.436	27.87	-42.0
>-Z0.28
102.411	27.979	-36.0
102.391	28.124	-36.0
102.42	28.125	-42.0
102.439	27.981	-42.0
>-Z0.28
102.391	28.124	-36.0
102.401	28.296	-36.0
102.43	28.296	-42.0
102.42	28.125	-42.0
>-Z0.28
102.401	28.296	-36.0
102.402	28.497	-36.0
102.43	28.496	-42.0
102.43	28.296	-42.0
>-Z0.28
102.402	28.497	-36.0
102.412	28.706	-36.0
102.441	28.706	-42.0
102.43	28.496	-42.0
>-Z0.28
102.412	28.706	-36.0
102.412	28.855	-36.0
102.441	28.855	-42.0
102.441	28.706	-42.0
>-Z0.28
102.412	28.855	-36.0
102.422	28.991	-36.0
102.451	28.989	-42.0
102.441	28.855	-42.0
>-Z0.28
102.422	28.991	-36.0
102.433	29.155	-36.0
102.462	29.156	-42.0
102.451	28.989	-42.0
>-Z0.28
102.433	29.155	-36.0
102.413	29.261	-36.0
102.441	29.263	-42.0
102.462	29.156	-42.0
>-Z0.28
102.413	29.261	-36.0
102.413	29.4	-36.0
102.442	29.401	-42.0
102.441	29.263	-42.0
>-Z0.28
102.413	29.4	-36.0
102.392	29.539	-36.0
102.421	29.542	-42.0
102.442	29.401	-42.0
>-Z0.28
102.392	29.539	-36.0
102.37	29.701	-36.0
102.398	29.706	-42.0
102.421	29.542	-42.0
>-Z0.28
102.37	29.701	-36.0
102.307	29.892	-36.0
102.335	29.899	-42.0
102.398	29.706	-42.0
>-Z0.28
102.307	29.892	-36.0
102.257	30.042	-36.0
102.285	30.049	-42.0
102.335	29.899	-42.0
>-Z0.19000000000000006
103.083	27.018	-42.0
102.959	27.106	-42.0
102.985	27.129	-50.0
103.106	27.044	-50.0
>-Z0.19000000000000006
102.959	27.106	-42.0
102.863	27.21	-42.0
102.894	27.229	-50.0
102.985	27.129	-50.0
>-Z0.19000000000000006
102.863	27.21	-42.0
102.777	27.345	-42.0
102.809	27.363	-50.0
102.894	27.229	-50.0
>-Z0.19000000000000006
102.777	27.345	-42.0
102.684	27.459	-42.0
102.715	27.478	-50.0
102.809	27.363	-50.0
>-Z0.19000000000000006
102.684	27.459	-42.0
102.623	27.547	-42.0
102.656	27.564	-50.0
102.715	27.478	-50.0
>-Z0.19000000000000006
102.623	27.547	-42.0
102.536	27.692	-42.0
102.569	27.708	-50.0
102.656	27.564	-50.0
>-Z0.19000000000000006
102.536	27.692	-42.0
102.47	27.806	-42.0
102.504	27.821	-50.0
102.569	27.708	-50.0
>-Z0.19000000000000006
102.47	27.806	-42.0
102.436	27.87	-42.0
102.474	27.875	-50.0
102.504	27.821	-50.0
>-Z0.19000000000000006
102.436	27.87	-42.0
102.439	27.981	-42.0
102.477	27.983	-50.0
102.474	27.875	-50.0
>-Z0.19000000000000006
102.439	27.981	-42.0
102.42	28.125	-42.0
102.458	28.125	-50.0
102.477	27.983	-50.0
>-Z0.19000000000000006
102.42	28.125	-42.0
102.43	28.296	-42.0
102.468	28.295	-50.0
102.458	28.125	-50.0
>-Z0.19000000000000006
102.43	28.296	-42.0
102.43	28.496	-42.0
102.469	28.495	-50.0
102.468	28.295	-50.0
>-Z0.19000000000000006
102.43	28.496	-42.0
102.441	28.706	-42.0
102.479	28.705	-50.0
102.469	28.495	-50.0
>-Z0.19000000000000006
102.441	28.706	-42.0
102.441	28.855	-42.0
102.479	28.853	-50.0
102.479	28.705	-50.0
>-Z0.19000000000000006
102.441	28.855	-42.0
102.451	28.989	-42.0
102.489	28.987	-50.0
102.479	28.853	-50.0
>-Z0.19000000000000006
102.451	28.989	-42.0
102.462	29.156	-42.0
102.5	29.157	-50.0
102.489	28.987	-50.0
>-Z0.19000000000000006
102.462	29.156	-42.0
102.441	29.263	-42.0
102.48	29.265	-50.0
102.5	29.157	-50.0
>-Z0.19000000000000006
102.441	29.263	-42.0
102.442	29.401	-42.0
102.48	29.403	-50.0
102.48	29.265	-50.0
>-Z0.19000000000000006
102.442	29.401	-42.0
102.421	29.542	-42.0
102.459	29.546	-50.0
102.48	29.403	-50.0
>-Z0.19000000000000006
102.421	29.542	-42.0
102.398	29.706	-42.0
102.436	29.713	-50.0
102.459	29.546	-50.0
>-Z0.19000000000000006
102.398	29.706	-42.0
102.335	29.899	-42.0
102.372	29.908	-50.0
102.436	29.713	-50.0
>-Z0.19000000000000006
102.335	29.899	-42.0
102.285	30.049	-42.0
102.323	30.058	-50.0
102.372	29.908	-50.0
>-Z0.10000000000000009
103.106	27.044	-50.0
102.985	27.129	-50.0
103.018	27.16	-60.0
103.135	27.077	-60.0
>-Z0.10000000000000009
102.985	27.129	-50.0
102.894	27.229	-50.0
102.933	27.252	-60.0
103.018	27.16	-60.0
>-Z0.10000000000000009
102.894	27.229	-50.0
102.809	27.363	-50.0
102.848	27.386	-60.0
102.933	27.252	-60.0
>-Z0.10000000000000009
102.809	27.363	-50.0
102.715	27.478	-50.0
102.754	27.501	-60.0
102.848	27.386	-60.0
>-Z0.10000000000000009
102.715	27.478	-50.0
102.656	27.564	-50.0
102.697	27.584	-60.0
102.754	27.501	-60.0
>-Z0.10000000000000009
102.656	27.564	-50.0
102.569	27.708	-50.0
102.611	27.727	-60.0
102.697	27.584	-60.0
>-Z0.10000000000000009
102.569	27.708	-50.0
102.504	27.821	-50.0
102.546	27.84	-60.0
102.611	27.727	-60.0
>-Z0.10000000000000009
102.504	27.821	-50.0
102.474	27.875	-50.0
102.521	27.881	-60.0
102.546	27.84	-60.0
>-Z0.10000000000000009
102.474	27.875	-50.0
102.477	27.983	-50.0
102.524	27.985	-60.0
102.521	27.881	-60.0
>-Z0.10000000000000009
102.477	27.983	-50.0
102.458	28.125	-50.0
102.505	28.127	-60.0
102.524	27.985	-60.0
>-Z0.10000000000000009
102.458	28.125	-50.0
102.468	28.295	-50.0
102.516	28.294	-60.0
102.505	28.127	-60.0
>-Z0.10000000000000009
102.468	28.295	-50.0
102.469	28.495	-50.0
102.516	28.494	-60.0
102.516	28.294	-60.0
>-Z0.10000000000000009
102.469	28.495	-50.0
102.479	28.705	-50.0
102.527	28.704	-60.0
102.516	28.494	-60.0
>-Z0.10000000000000009
102.479	28.705	-50.0
102.479	28.853	-50.0
102.527	28.852	-60.0
102.527	28.704	-60.0
>-Z0.10000000000000009
102.479	28.853	-50.0
102.489	28.987	-50.0
102.537	28.985	-60.0
102.527	28.852	-60.0
>-Z0.10000000000000009
102.489	28.987	-50.0
102.5	29.157	-50.0
102.548	29.158	-60.0
102.537	28.985	-60.0
>-Z0.10000000000000009
102.5	29.157	-50.0
102.48	29.265	-50.0
102.528	29.268	-60.0
102.548	29.158	-60.0
>-Z0.10000000000000009
102.48	29.265	-50.0
102.48	29.403	-50.0
102.528	29.406	-60.0
102.528	29.268	-60.0
>-Z0.10000000000000009
102.48	29.403	-50.0
102.459	29.546	-50.0
102.507	29.551	-60.0
102.528	29.406	-60.0
>-Z0.10000000000000009
102.459	29.546	-50.0
102.436	29.713	-50.0
102.483	29.722	-60.0
102.507	29.551	-60.0
>-Z0.10000000000000009
102.436	29.713	-50.0
102.372	29.908	-50.0
102.419	29.92	-60.0
102.483	29.722	-60.0
>-Z0.10000000000000009
102.372	29.908	-50.0
102.323	30.058	-50.0
102.369	30.07	-60.0
102.419	29.92	-60.0
