20170107.000000 0.000000
20170131.000000 3.186071
20170212.000000 1.295666
20170224.000000 4.245207
20170308.000000 -2.309612
20170320.000000 5.490423
20170401.000000 1.172882
20170413.000000 2.659327
20170425.000000 -1.924194
20170507.000000 2.308805
20170519.000000 8.305292
20170531.000000 0.082504
20170612.000000 6.997646
20170624.000000 3.973427
20170706.000000 11.415955
20170718.000000 8.599686
20170730.000000 5.963081
20170811.000000 7.565861
20170823.000000 13.491770
20170904.000000 10.313007
20170916.000000 7.519886
20170928.000000 7.891207
20171010.000000 13.633459
20171022.000000 11.671413
20171103.000000 13.801729
20171115.000000 12.585186
20171127.000000 14.185614
20171209.000000 14.779165
20171221.000000 12.753494
20180102.000000 14.889444
20180114.000000 13.491495
20180126.000000 12.966021
20180207.000000 16.153610
20180219.000000 15.892529
20180303.000000 16.076820
20180315.000000 16.208752
20180327.000000 17.347445
20180408.000000 17.859388
20180420.000000 18.947097
20180502.000000 15.561848
20180514.000000 20.035863
20180526.000000 20.997227
20180607.000000 22.964931
20180619.000000 22.317774
20180701.000000 25.103090
20180713.000000 24.363422
20180725.000000 25.119825
20180806.000000 25.743011
20180818.000000 30.631773
20180830.000000 19.001537
20180911.000000 28.810104
20180923.000000 31.756522
20181005.000000 30.906404
20181017.000000 31.910027
20181029.000000 34.384063
20181110.000000 35.380831
20181122.000000 34.167502
20181204.000000 34.846182
20181216.000000 31.845562
20181222.000000 33.635844
20181228.000000 34.249405
20190109.000000 32.176562
20190121.000000 36.052186
20190202.000000 35.176209
20190214.000000 35.172652
20190226.000000 35.989700
20190310.000000 39.367003
20190322.000000 39.605756
20190403.000000 36.575762
20190415.000000 38.954851
20190427.000000 41.072469
20190509.000000 37.338563
20190521.000000 36.489198
20190602.000000 38.752147
20190614.000000 40.630254
20190626.000000 46.499261
20190708.000000 40.710641
20190720.000000 47.308784
20190801.000000 59.867153
20190813.000000 48.904377
20190825.000000 48.560982
20190906.000000 45.542550
20190918.000000 46.429606
20190930.000000 46.357969
20191012.000000 51.261517
20191024.000000 51.651005
20191105.000000 49.843308
20191117.000000 52.353008
20191129.000000 53.765814
20191211.000000 50.587917
20191223.000000 50.318148
20200104.000000 50.341167
20200116.000000 54.426517
20200128.000000 53.502785
20200209.000000 55.046848
20200221.000000 52.844833
20200304.000000 52.717606
20200316.000000 57.531637
20200328.000000 50.577282
20200409.000000 55.201986
20200421.000000 56.776833
20200503.000000 46.162754
20200515.000000 63.958326
20200527.000000 55.383804
20200608.000000 60.001495
20200620.000000 59.496004
20200702.000000 60.945356
20200714.000000 61.634750
20200726.000000 63.318178
20200807.000000 62.519827
20200819.000000 56.558317
20200831.000000 59.989653
20200912.000000 62.676058
20200924.000000 68.081429
20201006.000000 66.001820
20201018.000000 65.760809
20201030.000000 67.545677
20201111.000000 68.571026
20201123.000000 68.688736
20201205.000000 71.604294
20201217.000000 67.155273
20201229.000000 70.222881
