20170120.000000 0.000000
20170213.000000 3.222433
20170219.000000 0.659340
20170303.000000 -1.940860
20170315.000000 2.818065
20170327.000000 4.486925
20170408.000000 9.210825
20170420.000000 0.505058
20170502.000000 4.078960
20170514.000000 1.574585
20170526.000000 -2.705590
20170607.000000 10.366961
20170619.000000 2.368972
20170713.000000 0.954449
20170725.000000 4.894045
20170806.000000 10.552144
20170818.000000 6.979078
20170830.000000 3.631106
20170911.000000 2.949429
20170923.000000 3.879621
20171005.000000 -0.219863
20171017.000000 -4.078315
20171110.000000 -2.866620
20171122.000000 -5.045671
20171204.000000 -2.994295
20171216.000000 -5.030320
20171228.000000 -9.635629
20180109.000000 -6.267179
20180121.000000 -3.586632
20180202.000000 -5.644539
20180214.000000 -6.647137
20180226.000000 -4.483035
20180310.000000 -2.132929
20180322.000000 -4.607670
20180403.000000 -5.260180
20180415.000000 -1.750237
20180427.000000 -2.997087
20180509.000000 -0.894960
20180521.000000 1.275238
20180602.000000 -8.049396
20180614.000000 -1.277031
20180626.000000 3.827580
20180708.000000 -3.390726
20180720.000000 -3.815552
20180801.000000 -18.152565
20180813.000000 -15.685847
20180906.000000 -23.871712
20180918.000000 -23.920033
20180930.000000 -30.698698
20181012.000000 -27.158871
20181024.000000 -29.797697
20181105.000000 -32.581181
20181117.000000 -36.553955
20181129.000000 -33.945332
20181211.000000 -35.402889
20181217.000000 -35.047577
20181223.000000 -33.363785
20190104.000000 -37.100254
20190116.000000 -36.084324
20190128.000000 -37.411400
20190209.000000 -39.580029
20190221.000000 -34.765800
20190305.000000 -28.239840
20190329.000000 -33.530567
20190410.000000 -31.954575
20190422.000000 -31.945913
20190504.000000 -29.329130
20190516.000000 -32.103943
20190528.000000 -36.932697
20190609.000000 -41.151604
20190621.000000 -28.819941
20190703.000000 -34.497009
20190715.000000 -34.605347
20190727.000000 -50.147625
20190808.000000 -30.082539
20190820.000000 -34.169056
20190901.000000 -37.490028
20190913.000000 -40.583324
20190925.000000 -38.295628
20191007.000000 -41.240360
20191019.000000 -42.164417
20191031.000000 -44.289459
20191112.000000 -47.313183
20191124.000000 -48.344692
20191206.000000 -50.619751
20191230.000000 -48.706520
20200111.000000 -48.660225
20200123.000000 -47.742474
20200204.000000 -51.595795
20200216.000000 -51.531116
20200228.000000 -46.603588
20200311.000000 -48.582973
20200323.000000 -45.043980
20200404.000000 -50.812523
20200416.000000 -50.172665
20200428.000000 -50.232254
20200510.000000 -50.700684
20200522.000000 -49.084492
20200603.000000 -51.104137
20200615.000000 -47.671715
20200627.000000 -52.798000
20200709.000000 -53.498962
20200721.000000 -52.677853
20200802.000000 -50.231976
20200814.000000 -48.358456
20200826.000000 -61.698536
20200907.000000 -59.943321
20200919.000000 -66.251335
20201001.000000 -66.805725
20201013.000000 -74.871452
20201025.000000 -74.666687
20201106.000000 -72.486015
20201118.000000 -78.202271
20201130.000000 -78.078293
20201212.000000 -78.235825
20201224.000000 -82.325455
