20170107.000000 0.000000
20170131.000000 1.679970
20170212.000000 2.100327
20170224.000000 3.668732
20170308.000000 1.499519
20170320.000000 8.861208
20170401.000000 3.168961
20170413.000000 4.039341
20170425.000000 2.620441
20170507.000000 5.874840
20170519.000000 9.174284
20170531.000000 -0.278740
20170612.000000 6.026245
20170624.000000 8.694286
20170706.000000 11.850599
20170718.000000 11.734678
20170730.000000 12.557533
20170811.000000 14.543867
20170823.000000 18.837389
20170904.000000 12.190239
20170916.000000 13.763689
20170928.000000 16.308819
20171010.000000 20.201895
20171022.000000 18.307932
20171103.000000 19.204523
20171115.000000 17.917866
20171127.000000 19.449909
20171209.000000 17.410648
20171221.000000 18.280067
20180102.000000 18.034988
20180114.000000 17.513157
20180126.000000 18.108194
20180207.000000 20.305399
20180219.000000 21.933853
20180303.000000 22.087509
20180315.000000 23.294510
20180327.000000 21.517275
20180408.000000 19.129480
20180420.000000 17.467527
20180502.000000 19.552727
20180514.000000 17.521500
20180526.000000 23.773762
20180607.000000 22.262840
20180619.000000 28.347011
20180701.000000 28.276944
20180713.000000 25.227309
20180725.000000 33.285829
20180806.000000 25.729315
20180818.000000 40.166979
20180830.000000 25.360312
20180911.000000 31.195316
20180923.000000 33.321873
20181005.000000 34.532278
20181017.000000 35.393609
20181029.000000 36.448806
20181110.000000 38.046751
20181122.000000 35.829298
20181204.000000 39.652815
20181216.000000 36.411050
20181222.000000 38.586650
20181228.000000 39.076782
20190109.000000 38.253946
20190121.000000 40.459887
20190202.000000 40.028145
20190214.000000 42.269135
20190226.000000 41.811917
20190310.000000 44.196578
20190322.000000 43.806223
20190403.000000 41.072229
20190415.000000 40.788037
20190427.000000 35.797571
20190509.000000 36.452764
20190521.000000 32.422881
20190602.000000 36.374722
20190614.000000 38.420147
20190626.000000 45.484383
20190708.000000 40.429629
20190720.000000 45.134162
20190801.000000 56.346994
20190813.000000 41.533368
20190825.000000 42.156785
20190906.000000 43.308382
20190918.000000 44.913260
20190930.000000 41.901946
20191012.000000 43.386827
20191024.000000 44.832391
20191105.000000 43.608816
20191117.000000 46.893172
20191129.000000 44.352093
20191211.000000 42.405507
20191223.000000 44.843134
20200104.000000 45.419432
20200116.000000 47.623554
20200128.000000 46.567665
20200209.000000 48.428768
20200221.000000 46.524564
20200304.000000 47.552736
20200316.000000 50.230841
20200328.000000 47.015182
20200409.000000 50.228237
20200421.000000 47.065021
20200503.000000 34.383604
20200515.000000 50.588943
20200527.000000 45.296402
20200608.000000 44.175013
20200620.000000 42.146966
20200702.000000 42.218410
20200714.000000 45.748830
20200726.000000 45.887074
20200807.000000 42.871823
20200819.000000 43.182418
20200831.000000 42.104828
20200912.000000 48.730531
20200924.000000 51.191932
20201006.000000 49.776659
20201018.000000 48.223577
20201030.000000 49.059659
20201111.000000 45.980839
20201123.000000 50.637961
20201205.000000 50.025261
20201217.000000 50.019730
20201229.000000 55.620798
