20170120.000000 0.000000
20170213.000000 -1.950863
20170219.000000 -2.966846
20170303.000000 -1.878952
20170315.000000 -0.597507
20170327.000000 -2.553291
20170408.000000 2.468082
20170420.000000 -0.262115
20170502.000000 -5.804468
20170514.000000 -3.566795
20170526.000000 -2.644150
20170607.000000 -2.473591
20170619.000000 -0.156727
20170713.000000 1.258533
20170725.000000 -3.516041
20170806.000000 -4.186798
20170818.000000 -0.274803
20170830.000000 -1.086983
20170911.000000 -3.899055
20170923.000000 -2.760101
20171005.000000 -6.076244
20171017.000000 -7.957203
20171110.000000 -10.101250
20171122.000000 -12.479576
20171204.000000 -9.915243
20171216.000000 -9.935919
20171228.000000 -13.058126
20180109.000000 -11.897785
20180121.000000 -15.030819
20180202.000000 -14.095306
20180214.000000 -17.347868
20180226.000000 -11.975626
20180310.000000 -13.582026
20180322.000000 -15.530123
20180403.000000 -15.745745
20180415.000000 -16.424887
20180427.000000 -15.436373
20180509.000000 -16.821737
20180521.000000 -12.831808
20180602.000000 -17.744276
20180614.000000 -17.395868
20180626.000000 -18.844358
20180708.000000 -19.401855
20180720.000000 -19.974703
20180801.000000 -24.890179
20180813.000000 -26.217906
20180906.000000 -26.559162
20180918.000000 -30.218544
20180930.000000 -32.882632
20181012.000000 -31.052299
20181024.000000 -32.279731
20181105.000000 -32.819791
20181117.000000 -36.891477
20181129.000000 -35.116417
20181211.000000 -36.038673
20181217.000000 -37.877969
20181223.000000 -37.646317
20190104.000000 -39.540988
20190116.000000 -40.718788
20190128.000000 -39.386981
20190209.000000 -38.908696
20190221.000000 -39.950808
20190305.000000 -37.852835
20190329.000000 -40.679344
20190410.000000 -38.289352
20190422.000000 -43.075334
20190504.000000 -38.260055
20190516.000000 -42.870422
20190528.000000 -44.944597
20190609.000000 -42.830919
20190621.000000 -40.837417
20190703.000000 -45.808619
20190715.000000 -45.057189
20190727.000000 -46.786738
20190808.000000 -41.599628
20190820.000000 -46.210306
20190901.000000 -46.747531
20190913.000000 -52.878763
20190925.000000 -50.071943
20191007.000000 -53.994570
20191019.000000 -51.178923
20191031.000000 -50.865135
20191112.000000 -52.477943
20191124.000000 -50.727859
20191206.000000 -52.148019
20191230.000000 -50.202939
20200111.000000 -50.383722
20200123.000000 -48.884624
20200204.000000 -50.088909
20200216.000000 -49.622231
20200228.000000 -48.913068
20200311.000000 -49.446443
20200323.000000 -52.047096
20200404.000000 -52.729089
20200416.000000 -54.133343
20200428.000000 -53.792803
20200510.000000 -50.717576
20200522.000000 -48.029896
20200603.000000 -50.140779
20200615.000000 -53.469214
20200627.000000 -54.365364
20200709.000000 -52.459720
20200721.000000 -54.394709
20200802.000000 -53.485279
20200814.000000 -53.838596
20200826.000000 -58.891640
20200907.000000 -64.187422
20200919.000000 -66.464056
20201001.000000 -62.604908
20201013.000000 -66.124149
20201025.000000 -64.473248
20201106.000000 -62.921095
20201118.000000 -66.941401
20201130.000000 -64.729437
20201212.000000 -66.425585
20201224.000000 -66.955616
