20170107.000000 0.000000
20170131.000000 3.716179
20170212.000000 6.219055
20170224.000000 5.679859
20170308.000000 3.487679
20170320.000000 10.513763
20170401.000000 6.619583
20170413.000000 9.837379
20170425.000000 7.625980
20170507.000000 8.629181
20170519.000000 13.598644
20170531.000000 1.938675
20170612.000000 10.395123
20170624.000000 10.937645
20170706.000000 15.741184
20170718.000000 12.575748
20170730.000000 11.550297
20170811.000000 12.828129
20170823.000000 18.512131
20170904.000000 11.370529
20170916.000000 15.891743
20170928.000000 12.982838
20171010.000000 22.821320
20171022.000000 20.557953
20171103.000000 20.255043
20171115.000000 19.611862
20171127.000000 26.262180
20171209.000000 24.390217
20171221.000000 25.871143
20180102.000000 24.816429
20180114.000000 26.392265
20180126.000000 26.356075
20180207.000000 31.137558
20180219.000000 33.048229
20180303.000000 34.051811
20180315.000000 35.568195
20180327.000000 36.280514
20180408.000000 36.705635
20180420.000000 36.094048
20180502.000000 30.557423
20180514.000000 30.777920
20180526.000000 32.378700
20180607.000000 37.087898
20180619.000000 38.525768
20180701.000000 37.670284
20180713.000000 40.797684
20180725.000000 47.112627
20180806.000000 45.203279
20180818.000000 48.783190
20180830.000000 38.351669
20180911.000000 49.230350
20180923.000000 54.626957
20181005.000000 56.652931
20181017.000000 61.848584
20181029.000000 60.919869
20181110.000000 63.581702
20181122.000000 62.141869
20181204.000000 65.297947
20181216.000000 65.813589
20181222.000000 68.255506
20181228.000000 69.196709
20190109.000000 69.869863
20190121.000000 72.146326
20190202.000000 72.987750
20190214.000000 75.354445
20190226.000000 76.868861
20190310.000000 79.906607
20190322.000000 78.215520
20190403.000000 78.583832
20190415.000000 80.933254
20190427.000000 77.512646
20190509.000000 77.849855
20190521.000000 72.377310
20190602.000000 77.088791
20190614.000000 84.414897
20190626.000000 89.840115
20190708.000000 87.316391
20190720.000000 94.855242
20190801.000000 104.152744
20190813.000000 94.712370
20190825.000000 96.384354
20190906.000000 98.315926
20190918.000000 98.010738
20190930.000000 99.230637
20191012.000000 102.418041
20191024.000000 104.209053
20191105.000000 103.997543
20191117.000000 104.003750
20191129.000000 105.528454
20191211.000000 103.027420
20191223.000000 105.296501
20200104.000000 107.365932
20200116.000000 110.032265
20200128.000000 110.471878
20200209.000000 113.458191
20200221.000000 112.391850
20200304.000000 114.524281
20200316.000000 116.862087
20200328.000000 114.546104
20200409.000000 116.426361
20200421.000000 116.764656
20200503.000000 104.884026
20200515.000000 121.252956
20200527.000000 114.665585
20200608.000000 119.702621
20200620.000000 117.687744
20200702.000000 120.872276
20200714.000000 122.516445
20200726.000000 123.062042
20200807.000000 123.188484
20200819.000000 121.096817
20200831.000000 123.999252
20200912.000000 129.041538
20200924.000000 137.279396
20201006.000000 136.128548
20201018.000000 133.695984
20201030.000000 136.293274
20201111.000000 135.406784
20201123.000000 137.785316
20201205.000000 146.052574
20201217.000000 131.863731
20201229.000000 145.489883
