20170107.000000 0.000000
20170131.000000 -1.216557
20170212.000000 -1.027392
20170224.000000 3.291133
20170308.000000 0.252121
20170320.000000 2.760903
20170401.000000 0.491058
20170413.000000 3.245049
20170425.000000 0.349542
20170507.000000 3.636858
20170519.000000 -0.938366
20170531.000000 -13.220221
20170612.000000 3.218372
20170624.000000 -2.289947
20170706.000000 8.317971
20170718.000000 0.298977
20170730.000000 11.157426
20170811.000000 2.971611
20170823.000000 17.676929
20170904.000000 3.797040
20170916.000000 6.900955
20170928.000000 13.216935
20171010.000000 14.666667
20171022.000000 15.707571
20171103.000000 9.410422
20171115.000000 10.428229
20171127.000000 14.850683
20171209.000000 17.303509
20171221.000000 18.347706
20180102.000000 16.497561
20180114.000000 18.534388
20180126.000000 17.327339
20180207.000000 19.826958
20180219.000000 22.735489
20180303.000000 17.480127
20180315.000000 21.351690
20180327.000000 20.475788
20180408.000000 16.438555
20180420.000000 21.299858
20180502.000000 16.530693
20180514.000000 15.971242
20180526.000000 20.902536
20180607.000000 13.191658
20180619.000000 15.339282
20180701.000000 13.002725
20180713.000000 15.714511
20180725.000000 17.460123
20180806.000000 13.134337
20180818.000000 15.342176
20180830.000000 8.054666
20180911.000000 17.327312
20180923.000000 20.016041
20181005.000000 27.312328
20181017.000000 29.999352
20181029.000000 26.540934
20181110.000000 33.885139
20181122.000000 30.155693
20181204.000000 31.033018
20181216.000000 31.744801
20181222.000000 32.240795
20181228.000000 33.699512
20190109.000000 33.970692
20190121.000000 33.286976
20190202.000000 35.798130
20190214.000000 34.326454
20190226.000000 36.071690
20190310.000000 36.258396
20190322.000000 32.125187
20190403.000000 33.574856
20190415.000000 39.623039
20190427.000000 25.941095
20190509.000000 34.754662
20190521.000000 34.397213
20190602.000000 32.644794
20190614.000000 33.625107
20190626.000000 37.133614
20190708.000000 34.404278
20190720.000000 42.555958
20190801.000000 54.763847
20190813.000000 41.118416
20190825.000000 47.419533
20190906.000000 40.731441
20190918.000000 41.564198
20190930.000000 40.884907
20191012.000000 47.611729
20191024.000000 38.892891
20191105.000000 42.765285
20191117.000000 39.059071
20191129.000000 45.159168
20191211.000000 41.792381
20191223.000000 44.799656
20200104.000000 47.287910
20200116.000000 48.302250
20200128.000000 48.041290
20200209.000000 53.334423
20200221.000000 45.604645
20200304.000000 45.962208
20200316.000000 52.656403
20200328.000000 46.828499
20200409.000000 47.305901
20200421.000000 47.971069
20200503.000000 43.908527
20200515.000000 52.386520
20200527.000000 43.750347
20200608.000000 43.193359
20200620.000000 42.006992
20200702.000000 45.041771
20200714.000000 50.414867
20200726.000000 50.068134
20200807.000000 39.784477
20200819.000000 36.894772
20200831.000000 39.621590
20200912.000000 37.566818
20200924.000000 40.920696
20201006.000000 46.482254
20201018.000000 46.125061
20201030.000000 45.074787
20201111.000000 45.981255
20201123.000000 46.902439
20201205.000000 48.304672
20201217.000000 51.691193
20201229.000000 49.280045
