20170120.000000 0.000000
20170213.000000 -3.803986
20170219.000000 -5.588509
20170303.000000 -4.451996
20170315.000000 -5.108063
20170327.000000 -9.058334
20170408.000000 1.212212
20170420.000000 -7.679127
20170502.000000 -7.693871
20170514.000000 -17.887836
20170526.000000 -10.542915
20170607.000000 -15.817802
20170619.000000 -12.072769
20170713.000000 -13.460148
20170725.000000 -12.070709
20170806.000000 -19.592045
20170818.000000 -16.721409
20170830.000000 -17.485497
20170911.000000 -24.129719
20170923.000000 -23.241226
20171005.000000 -23.994892
20171017.000000 -27.361794
20171110.000000 -27.617104
20171122.000000 -29.200081
20171204.000000 -28.871151
20171216.000000 -31.080482
20171228.000000 -33.388474
20180109.000000 -31.531975
20180121.000000 -32.546619
20180202.000000 -33.076096
20180214.000000 -33.786507
20180226.000000 -33.804424
20180310.000000 -36.938251
20180322.000000 -38.993767
20180403.000000 -38.151905
20180415.000000 -41.160370
20180427.000000 -38.503483
20180509.000000 -44.803917
20180521.000000 -37.854626
20180602.000000 -38.479473
20180614.000000 -44.402016
20180626.000000 -44.885975
20180708.000000 -44.072023
20180720.000000 -42.529539
20180801.000000 -56.940652
20180813.000000 -48.087093
20180906.000000 -58.868107
20180918.000000 -59.505845
20180930.000000 -61.924218
20181012.000000 -66.579400
20181024.000000 -64.327427
20181105.000000 -67.039227
20181117.000000 -68.218416
20181129.000000 -67.782854
20181211.000000 -67.482511
20181217.000000 -70.836635
20181223.000000 -70.864357
20190104.000000 -72.220224
20190116.000000 -75.805868
20190128.000000 -73.690274
20190209.000000 -78.461867
20190221.000000 -75.970021
20190305.000000 -76.188418
20190329.000000 -80.027710
20190410.000000 -85.689897
20190422.000000 -84.950820
20190504.000000 -82.477784
20190516.000000 -81.630147
20190528.000000 -84.135952
20190609.000000 -86.350159
20190621.000000 -78.878149
20190703.000000 -82.504524
20190715.000000 -84.074223
20190727.000000 -86.755078
20190808.000000 -87.870966
20190820.000000 -91.129841
20190901.000000 -93.030321
20190913.000000 -98.060051
20190925.000000 -94.744282
20191007.000000 -97.791170
20191019.000000 -96.058851
20191031.000000 -97.015640
20191112.000000 -99.953745
20191124.000000 -98.915646
20191206.000000 -99.310070
20191230.000000 -99.458483
20200111.000000 -107.637180
20200123.000000 -101.329405
20200204.000000 -100.762049
20200216.000000 -102.247864
20200228.000000 -102.405581
20200311.000000 -100.891506
20200323.000000 -103.973820
20200404.000000 -106.270977
20200416.000000 -102.188360
20200428.000000 -110.605835
20200510.000000 -108.938847
20200522.000000 -110.861835
20200603.000000 -103.696880
20200615.000000 -108.642361
20200627.000000 -110.316029
20200709.000000 -109.711288
20200721.000000 -113.709145
20200802.000000 -111.951977
20200814.000000 -114.907597
20200826.000000 -119.579762
20200907.000000 -116.325527
20200919.000000 -119.336811
20201001.000000 -117.877579
20201013.000000 -121.206104
20201025.000000 -123.734772
20201106.000000 -124.293415
20201118.000000 -126.476330
20201130.000000 -127.186363
20201212.000000 -126.791000
20201224.000000 -133.663498
