20170107.000000 0.000000
20170131.000000 -2.536114
20170212.000000 -2.749843
20170224.000000 1.932955
20170308.000000 -1.353947
20170320.000000 -1.386935
20170401.000000 -1.767239
20170413.000000 2.657712
20170425.000000 -3.568332
20170507.000000 -0.086867
20170519.000000 -8.614299
20170531.000000 -15.956439
20170612.000000 -0.351573
20170624.000000 -5.334076
20170706.000000 1.458627
20170718.000000 -3.854472
20170730.000000 3.684646
20170811.000000 -7.960949
20170823.000000 4.778359
20170904.000000 -7.031544
20170916.000000 -3.052108
20170928.000000 7.044017
20171010.000000 6.612676
20171022.000000 6.074603
20171103.000000 -1.220484
20171115.000000 -0.735755
20171127.000000 4.225293
20171209.000000 7.362956
20171221.000000 5.674911
20180102.000000 3.699476
20180114.000000 6.333195
20180126.000000 5.990229
20180207.000000 7.532116
20180219.000000 10.454579
20180303.000000 0.247144
20180315.000000 4.979869
20180327.000000 4.878170
20180408.000000 1.093581
20180420.000000 8.220099
20180502.000000 1.673721
20180514.000000 1.330414
20180526.000000 6.210498
20180607.000000 -5.929421
20180619.000000 -4.827899
20180701.000000 -5.816535
20180713.000000 -3.460376
20180725.000000 -8.064950
20180806.000000 -8.763702
20180818.000000 -6.799369
20180830.000000 -18.373611
20180911.000000 -8.167446
20180923.000000 -14.101900
20181005.000000 -3.025278
20181017.000000 -1.170530
20181029.000000 -6.062438
20181110.000000 0.100289
20181122.000000 -4.817130
20181204.000000 -4.509997
20181216.000000 -2.677438
20181222.000000 -3.575277
20181228.000000 -1.574266
20190109.000000 -2.287489
20190121.000000 -0.354534
20190202.000000 -3.931959
20190214.000000 -2.870016
20190226.000000 -0.845946
20190310.000000 -2.180514
20190322.000000 -7.153036
20190403.000000 -4.276746
20190415.000000 3.477644
20190427.000000 -13.760641
20190509.000000 -1.550181
20190521.000000 3.568254
20190602.000000 -4.720059
20190614.000000 -4.085507
20190626.000000 -3.589605
20190708.000000 -4.631282
20190720.000000 2.148301
20190801.000000 5.369892
20190813.000000 3.757537
20190825.000000 8.498857
20190906.000000 3.638444
20190918.000000 1.098142
20190930.000000 1.518014
20191012.000000 6.366763
20191024.000000 -9.549884
20191105.000000 2.361945
20191117.000000 -0.539254
20191129.000000 3.541607
20191211.000000 0.137884
20191223.000000 2.693942
20200104.000000 5.176120
20200116.000000 5.307021
20200128.000000 5.961089
20200209.000000 12.783448
20200221.000000 1.923112
20200304.000000 2.144232
20200316.000000 9.440084
20200328.000000 5.546041
20200409.000000 1.433165
20200421.000000 4.692137
20200503.000000 -1.045786
20200515.000000 9.200997
20200527.000000 -0.243639
20200608.000000 1.243053
20200620.000000 -0.798925
20200702.000000 1.085757
20200714.000000 8.018136
20200726.000000 5.435587
20200807.000000 -3.671123
20200819.000000 -1.849940
20200831.000000 -3.242226
20200912.000000 -6.361734
20200924.000000 -4.883097
20201006.000000 2.699101
20201018.000000 1.542782
20201030.000000 -0.223730
20201111.000000 -0.152316
20201123.000000 2.372066
20201205.000000 2.172718
20201217.000000 6.710464
20201229.000000 1.114178
