20170120.000000 0.000000
20170213.000000 1.223246
20170219.000000 -1.366061
20170303.000000 -0.065780
20170315.000000 1.576843
20170327.000000 -1.952951
20170408.000000 3.474642
20170420.000000 -3.211436
20170502.000000 1.246082
20170514.000000 -3.898237
20170526.000000 -0.849131
20170607.000000 -5.477111
20170619.000000 3.195617
20170713.000000 -1.124530
20170725.000000 -4.023380
20170806.000000 -3.128814
20170818.000000 -10.424277
20170830.000000 -9.677489
20170911.000000 -13.816301
20170923.000000 -6.730491
20171005.000000 -1.877103
20171017.000000 -5.760183
20171110.000000 0.968673
20171122.000000 1.652313
20171204.000000 1.126638
20171216.000000 0.583912
20171228.000000 1.599958
20180109.000000 1.299226
20180121.000000 3.310643
20180202.000000 1.130442
20180214.000000 -1.055407
20180226.000000 -0.334299
20180310.000000 -1.468636
20180322.000000 1.554720
20180403.000000 -2.120427
20180415.000000 -0.665122
20180427.000000 -0.664148
20180509.000000 -4.391147
20180521.000000 -2.680059
20180602.000000 -1.312627
20180614.000000 -4.756780
20180626.000000 -5.293016
20180708.000000 -7.572664
20180720.000000 -6.312953
20180801.000000 -8.769965
20180813.000000 0.242682
20180906.000000 -8.072229
20180918.000000 -7.262876
20180930.000000 -3.344409
20181012.000000 -5.845424
20181024.000000 -2.630268
20181105.000000 0.787837
20181117.000000 1.634446
20181129.000000 5.880841
20181211.000000 4.371992
20181217.000000 6.291417
20181223.000000 4.570181
20190104.000000 4.128975
20190116.000000 3.693778
20190128.000000 5.691739
20190209.000000 6.487940
20190221.000000 3.928849
20190305.000000 2.405659
20190329.000000 3.222168
20190410.000000 4.811819
20190422.000000 1.541877
20190504.000000 3.820368
20190516.000000 -0.357697
20190528.000000 1.355465
20190609.000000 1.309595
20190621.000000 0.871754
20190703.000000 4.054373
20190715.000000 3.473867
20190727.000000 3.716290
20190808.000000 5.183259
20190820.000000 14.460793
20190901.000000 8.422110
20190913.000000 3.916858
20190925.000000 6.781985
20191007.000000 5.668597
20191019.000000 7.046938
20191031.000000 3.548589
20191112.000000 2.012602
20191124.000000 3.741632
20191206.000000 3.258937
20191230.000000 4.739405
20200111.000000 -4.606877
20200123.000000 0.642584
20200204.000000 3.806342
20200216.000000 0.670010
20200228.000000 1.008456
20200311.000000 3.753465
20200323.000000 5.060884
20200404.000000 2.193842
20200416.000000 1.582833
20200428.000000 1.091141
20200510.000000 0.787716
20200522.000000 4.535934
20200603.000000 5.959809
20200615.000000 3.544164
20200627.000000 4.414107
20200709.000000 2.195092
20200721.000000 2.987361
20200802.000000 -1.006720
20200814.000000 3.229118
20200826.000000 2.025070
20200907.000000 1.016815
20200919.000000 5.373058
20201001.000000 0.390917
20201013.000000 3.938808
20201025.000000 0.502540
20201106.000000 3.287949
20201118.000000 2.175532
20201130.000000 1.328153
20201212.000000 4.639923
20201224.000000 2.010149
