20170120.000000 0.000000
20170213.000000 0.666378
20170219.000000 -2.090528
20170303.000000 -5.503026
20170315.000000 -1.057298
20170327.000000 -1.000093
20170408.000000 4.625615
20170420.000000 -6.942300
20170502.000000 -2.298964
20170514.000000 -5.853029
20170526.000000 -11.076696
20170607.000000 -2.759239
20170619.000000 -7.449420
20170713.000000 -8.076668
20170725.000000 -13.235831
20170806.000000 -12.402900
20170818.000000 -14.303323
20170830.000000 -19.444794
20170911.000000 -19.625187
20170923.000000 -18.403013
20171005.000000 -22.459600
20171017.000000 -27.409990
20171110.000000 -29.115999
20171122.000000 -32.596352
20171204.000000 -31.522516
20171216.000000 -36.763508
20171228.000000 -42.714279
20180109.000000 -39.223274
20180121.000000 -38.407967
20180202.000000 -40.579529
20180214.000000 -41.470058
20180226.000000 -42.813770
20180310.000000 -41.342854
20180322.000000 -45.878147
20180403.000000 -46.217224
20180415.000000 -43.472637
20180427.000000 -44.407818
20180509.000000 -47.559242
20180521.000000 -41.437435
20180602.000000 -55.094704
20180614.000000 -57.031105
20180626.000000 -52.235622
20180708.000000 -59.591946
20180720.000000 -61.200630
20180801.000000 -75.755608
20180813.000000 -70.343407
20180906.000000 -77.625923
20180918.000000 -78.329720
20180930.000000 -87.101761
20181012.000000 -85.820457
20181024.000000 -88.598457
20181105.000000 -93.784515
20181117.000000 -99.872177
20181129.000000 -99.609734
20181211.000000 -101.451736
20181217.000000 -102.510101
20181223.000000 -102.528366
20190104.000000 -109.444626
20190116.000000 -108.700066
20190128.000000 -111.061211
20190209.000000 -116.843529
20190221.000000 -111.898575
20190305.000000 -105.294235
20190329.000000 -113.815643
20190410.000000 -114.761108
20190422.000000 -114.751740
20190504.000000 -114.182457
20190516.000000 -117.761772
20190528.000000 -121.304207
20190609.000000 -127.318787
20190621.000000 -108.839149
20190703.000000 -117.841080
20190715.000000 -119.060478
20190727.000000 -127.119926
20190808.000000 -119.059471
20190820.000000 -124.625961
20190901.000000 -131.563782
20190913.000000 -135.274765
20190925.000000 -133.918365
20191007.000000 -135.754059
20191019.000000 -134.524582
20191031.000000 -140.031326
20191112.000000 -143.947144
20191124.000000 -145.961685
20191206.000000 -148.809753
20191230.000000 -147.564331
20200111.000000 -152.179947
20200123.000000 -148.652618
20200204.000000 -152.810471
20200216.000000 -153.797089
20200228.000000 -148.825729
20200311.000000 -152.980560
20200323.000000 -148.829010
20200404.000000 -156.347534
20200416.000000 -159.348541
20200428.000000 -158.082397
20200510.000000 -160.503387
20200522.000000 -158.490265
20200603.000000 -160.975571
20200615.000000 -155.728333
20200627.000000 -160.664505
20200709.000000 -163.782730
20200721.000000 -159.235550
20200802.000000 -155.160110
20200814.000000 -152.345551
20200826.000000 -162.483566
20200907.000000 -160.561951
20200919.000000 -168.725937
20201001.000000 -169.503830
20201013.000000 -177.315002
20201025.000000 -179.287460
20201106.000000 -179.946838
20201118.000000 -186.500839
20201130.000000 -189.175217
20201212.000000 -187.629105
20201224.000000 -196.823318
