> -L"20"
99.1526171554	29.2207896102
99.1409519958	29.2478342397
99.1409519958	29.2478342397
99.1072564637	29.2868678232
99.1072564637	29.2868678232
99.1014127269	29.3003839907
99.1014127269	29.3003839907
99.1167340002	29.3405180928
99.1167340002	29.3405180928
99.1144934876	29.3578904359
99.1144934876	29.3578904359
99.092891308	29.3980539109
99.092891308	29.3980539109
99.1037153502	29.4412707067
99.1037153502	29.4412707067
99.0965179839	29.4652062418
99.0965179839	29.4652062418
99.0820982404	29.4814283955
99.0820982404	29.4814283955
99.0690261709	29.5188687143
99.0690261709	29.5188687143
99.0789474201	29.5373799687
99.0789474201	29.5373799687
99.0559378989	29.5879429011
99.0559378989	29.5879429011
99.0374269656	29.6037717867
99.0374269656	29.6037717867
99.0119557673	29.6405945901
99.0119557673	29.6405945901
99.0143267652	29.7175782219
99.0143267652	29.7175782219
99.0238051488	29.7395609484
99.0238051488	29.7395609484
99.0491155193	29.7665494238
99.0491155193	29.7665494238
99.050018204	29.7912328245
99.050018204	29.7912328245
99.1007310779	29.9084210087
99.1007310779	29.9084210087
99.1011907805	29.9365673319
99.1011907805	29.9365673319
99.0594790183	30.0977336988
99.0594790183	30.0977336988
99.0340300024	30.1339754853
99.0340300024	30.1339754853
99.0308103661	30.2214525772
99.0308103661	30.2214525772
99.0071441273	30.2438075684
99.0071441273	30.2438075684
99.0039477246	30.2680835545
99.0039477246	30.2680835545
99.0171255116	30.293893836
99.0171255116	30.293893836
99.020518269	30.3093675526
99.020518269	30.3093675526
99.0180299702	30.3153749247
99.0180299702	30.3153749247
99.0059104668	30.3671217073
99.0059104668	30.3671217073
99.0073156123	30.391653942
99.0073156123	30.391653942
99.0147703124	30.4059988231
99.0147703124	30.4059988231
98.9992268885	30.4606964577
98.9992268885	30.4606964577
98.9649744218	30.4995933518
98.9649744218	30.4995933518
98.9749189458	30.5812372823
98.9749189458	30.5812372823
98.9666645401	30.6120409772
98.9666645401	30.6120409772
98.9245732035	30.6466798307
98.9245732035	30.6466798307
98.9359320244	30.6863403915
98.9359320244	30.6863403915
98.9505408854	30.7017463434
98.9505408854	30.7017463434
98.9852815949	30.7225433478
98.9852815949	30.7225433478
98.9994458332	30.7414053839
98.9994458332	30.7414053839
98.9966854835	30.7621931581
98.9966854835	30.7621931581
98.971467893	30.7949112025
98.971467893	30.7949112025
98.9444366988	30.8099153143
98.9444366988	30.8099153143
98.9292924895	30.8295386602
98.9292924895	30.8295386602
98.8999055742	30.8618505078
98.8999055742	30.8618505078
98.8370404188	30.8944989343
98.8370404188	30.8944989343
98.8227912752	30.9071803184
98.8227912752	30.9071803184
98.8354571894	30.9680010166
98.8354571894	30.9680010166
98.8307680195	31.002624357
98.8307680195	31.002624357
98.8104926269	31.0287592784
98.8104926269	31.0287592784
98.7704822642	31.0460058124
98.7704822642	31.0460058124
98.7483446827	31.0748530673
98.7483446827	31.0748530673
98.7468698983	31.0963626531
98.7468698983	31.0963626531
98.7407139813	31.1413605229
98.7407139813	31.1413605229
98.6508350159	31.1853753699
98.6508350159	31.1853753699
98.6470179995	31.2130612059
98.6470179995	31.2130612059
98.6514697992	31.2415355004
98.6514697992	31.2415355004
98.6481270578	31.2657577665
98.6481270578	31.2657577665
98.659600704	31.2738663659
98.659600704	31.2738663659
98.6580098055	31.3157843531
98.6580098055	31.3157843531
98.668052684	31.3342702172
98.668052684	31.3342702172
98.6841597429	31.339312829
98.6841597429	31.339312829
98.7219517055	31.3394032241
98.7219517055	31.3394032241
98.7404381155	31.3271368507
98.7404381155	31.3271368507
98.7515660093	31.307161027
98.7515660093	31.307161027
98.7972665714	31.2799359488
98.7972665714	31.2799359488
98.8221320176	31.2822815001
98.8221320176	31.2822815001
98.8377655288	31.2907649197
98.8377655288	31.2907649197
98.8616123164	31.331559543
98.8616123164	31.331559543
98.8988684368	31.3665883265
98.8988684368	31.3665883265
98.896994536	31.380428661
98.896994536	31.380428661
98.8844744224	31.4107953921
98.8844744224	31.4107953921
98.8793884372	31.4173292599
98.8793884372	31.4173292599
98.8363798599	31.4553492085
98.8363798599	31.4553492085
98.7835980509	31.5029437316
98.7835980509	31.5029437316
98.7062939804	31.5446907998
98.7062939804	31.5446907998
98.69463775	31.5681110366
98.69463775	31.5681110366
98.6204338943	31.617107344
98.6204338943	31.617107344
98.5887161462	31.6631311877
98.5887161462	31.6631311877
98.5736257883	31.7107381087
98.5736257883	31.7107381087
98.5433077644	31.7463724345
98.5433077644	31.7463724345
98.4781583766	31.7891525125
98.4781583766	31.7891525125
98.4521700863	31.7936511792
98.4521700863	31.7936511792
98.4411484764	31.8416369939
98.4411484764	31.8416369939
98.4023794902	31.8764168174
98.4023794902	31.8764168174
98.3989383133	31.9006120058
98.3989383133	31.9006120058
98.4460669589	31.9261902242
98.4460669589	31.9261902242
98.4455935441	31.9891935104
98.4455935441	31.9891935104
98.4337929064	32.0125737068
98.4337929064	32.0125737068
98.3363541671	32.101205934
98.3363541671	32.101205934
98.3106722066	32.1617503976
98.3106722066	32.1617503976
98.2285584448	32.2362963247
98.2285584448	32.2362963247
98.2269451696	32.3518954135
98.2269451696	32.3518954135
98.205967132	32.365483933
98.205967132	32.365483933
98.1891731663	32.3763481711
98.1891731663	32.3763481711
98.1728219636	32.384131034
98.1728219636	32.384131034
98.153180645	32.3884518675
98.153180645	32.3884518675
98.1264857891	32.3889511531
98.1264857891	32.3889511531
98.0928592619	32.4106584305
98.0928592619	32.4106584305
98.0680853787	32.4238523942
98.0680853787	32.4238523942
98.0456834607	32.4466576327
98.0456834607	32.4466576327
98.0189726102	32.4471357113
98.0189726102	32.4471357113
98.0011365673	32.4391003474
98.0011365673	32.4391003474
97.9538294671	32.4500213947
97.9538294671	32.4500213947
97.929942454	32.4570159448
97.929942454	32.4570159448
97.87187917	32.4887336207
97.87187917	32.4887336207
97.8480180419	32.5207534612
97.8480180419	32.5207534612
97.7720343136	32.5443603272
> -L"20"
105.332170229	27.7119221724
105.283290297	27.7164238233
105.283290297	27.7164238233
105.271375385	27.7242085273
105.271375385	27.7242085273
105.299768925	27.7700287378
105.299768925	27.7700287378
105.338260369	27.8137674085
105.338260369	27.8137674085
105.337827421	27.840650381
105.337827421	27.840650381
105.26942731	27.8387298691
105.26942731	27.8387298691
105.261039121	27.8796329273
105.261039121	27.8796329273
105.286532464	27.9183483038
105.286532464	27.9183483038
105.296614633	27.9770419532
105.296614633	27.9770419532
105.277423302	28.0282413174
105.277423302	28.0282413174
105.212941322	28.0085256659
105.212941322	28.0085256659
105.189532807	28.0057490567
105.189532807	28.0057490567
105.172593506	28.033719265
105.172593506	28.033719265
105.148158927	28.0551869653
105.148158927	28.0551869653
105.132690105	28.06878042
105.132690105	28.06878042
105.060969939	28.1212770101
105.060969939	28.1212770101
104.996074248	28.0906712706
104.996074248	28.0906712706
104.968702297	28.0301652307
104.968702297	28.0301652307
104.939483221	27.9895661355
104.939483221	27.9895661355
104.920461051	27.9474696176
104.920461051	27.9474696176
104.895113052	27.8916370104
104.895113052	27.8916370104
104.835812283	27.8737171465
104.835812283	27.8737171465
104.800524983	27.881977311
104.800524983	27.881977311
104.739257264	27.8800638433
104.739257264	27.8800638433
104.73046439	27.8774767797
104.73046439	27.8774767797
104.612669463	27.8427489761
104.612669463	27.8427489761
104.569842669	27.8568645877
104.569842669	27.8568645877
104.507560251	27.8870683286
104.507560251	27.8870683286
104.471235621	27.9265751008
104.471235621	27.9265751008
104.444704669	27.9346492681
104.444704669	27.9346492681
104.394973131	27.9497602056
104.394973131	27.9497602056
104.360223271	27.9955821868
104.360223271	27.9955821868
104.329151655	28.0317094282
104.329151655	28.0317094282
104.328214614	28.061258189
104.328214614	28.061258189
104.346624898	28.0621725728
104.346624898	28.0621725728
104.372843843	28.0688457142
104.372843843	28.0688457142
104.397941849	28.0772538908
104.397941849	28.0772538908
104.453234399	28.1104376953
104.453234399	28.1104376953
104.463731123	28.1346583544
104.463731123	28.1346583544
104.471098819	28.1516482515
104.471098819	28.1516482515
104.43114458	28.1819809996
104.43114458	28.1819809996
104.404503307	28.1968178081
104.404503307	28.1968178081
104.436263655	28.2297375235
104.436263655	28.2297375235
104.408416521	28.2785743763
104.408416521	28.2785743763
104.39737617	28.3058175331
104.39737617	28.3058175331
104.348767748	28.3145914478
104.348767748	28.3145914478
104.334920417	28.3170879184
104.334920417	28.3170879184
104.285723566	28.3298807695
104.285723566	28.3298807695
104.268379114	28.3890572766
104.268379114	28.3890572766
104.27132913	28.4028681247
104.27132913	28.4028681247
104.284846376	28.4660380103
104.284846376	28.4660380103
104.324559114	28.5351935385
104.324559114	28.5351935385
104.392378504	28.5859888126
104.392378504	28.5859888126
104.400701909	28.5977107499
104.400701909	28.5977107499
104.427331354	28.6351542495
104.427331354	28.6351542495
104.364716038	28.6607614221
104.364716038	28.6607614221
104.3535455	28.658388012
104.3535455	28.658388012
104.293449446	28.6456088466
104.293449446	28.6456088466
104.26075966	28.6556252617
104.26075966	28.6556252617
104.206336542	28.6511075255
104.206336542	28.6511075255
104.162753341	28.6390538471
104.162753341	28.6390538471
104.119569481	28.6216265669
104.119569481	28.6216265669
104.064600969	28.6250757836
104.064600969	28.6250757836
103.96251005	28.6233467213
103.96251005	28.6233467213
103.89070573	28.6311972692
103.89070573	28.6311972692
103.864220358	28.6692015643
103.864220358	28.6692015643
103.848719524	28.640606155
103.848719524	28.640606155
103.818976467	28.5807816339
103.818976467	28.5807816339
103.810722119	28.5382277581
103.810722119	28.5382277581
103.819426874	28.5185633548
103.819426874	28.5185633548
103.837836556	28.4769584137
103.837836556	28.4769584137
103.841592148	28.4653651168
103.841592148	28.4653651168
103.86035993	28.4073677022
103.86035993	28.4073677022
103.892150944	28.3517023661
103.892150944	28.3517023661
103.875297356	28.2997047901
103.875297356	28.2997047901
103.844479852	28.2846058684
103.844479852	28.2846058684
103.790221948	28.2386382383
103.790221948	28.2386382383
103.743918567	28.2110075119
103.743918567	28.2110075119
103.711926213	28.2128366148
103.711926213	28.2128366148
103.671176727	28.2634979546
103.671176727	28.2634979546
103.596059955	28.2503496899
103.596059955	28.2503496899
103.522620046	28.1744633001
103.522620046	28.1744633001
103.481749044	28.1174187521
103.481749044	28.1174187521
103.480908824	28.0608489538
103.480908824	28.0608489538
103.519347677	28.0136894592
103.519347677	28.0136894592
103.564252337	27.9893163315
103.564252337	27.9893163315
103.571190073	27.937660627
103.571190073	27.937660627
103.535414744	27.8548532038
103.535414744	27.8548532038
103.495893302	27.7951465962
103.495893302	27.7951465962
103.453639788	27.7587639688
103.453639788	27.7587639688
103.434451483	27.7422269925
103.434451483	27.7422269925
103.378754979	27.7219284923
103.378754979	27.7219284923
103.331085234	27.6508791299
103.331085234	27.6508791299
103.297144758	27.6012689004
103.297144758	27.6012689004
103.265562675	27.5742401412
103.265562675	27.5742401412
103.260885371	27.5711785942
103.260885371	27.5711785942
103.224789895	27.5475470416
103.224789895	27.5475470416
103.209460806	27.5088920594
103.209460806	27.5088920594
103.173785266	27.4698960679
103.173785266	27.4698960679
103.161898208	27.4363635339
103.161898208	27.4363635339
103.138630368	27.4246275759
103.138630368	27.4246275759
103.076474714	27.411845266
103.076474714	27.411845266
103.060014625	27.3957075502
103.060014625	27.3957075502
103.049083963	27.3849939565
103.049083963	27.3849939565
103.017809306	27.3686776385
103.017809306	27.3686776385
102.97546832	27.4011153491
102.97546832	27.4011153491
102.960619621	27.4082836535
102.960619621	27.4082836535
102.95749508	27.4082997729
102.95749508	27.4082997729
102.949412484	27.3707242447
102.949412484	27.3707242447
102.922675911	27.2989122113
102.922675911	27.2989122113
102.920770937	27.2837903177
102.920770937	27.2837903177
102.916496542	27.249958698
102.916496542	27.249958698
102.922456424	27.2017602756
102.922456424	27.2017602756
102.925667182	27.1497871853
102.925667182	27.1497871853
102.924636576	27.0750449624
102.924636576	27.0750449624
102.912468919	27.037382668
102.912468919	27.037382668
102.907245032	26.9020406492
102.907245032	26.9020406492
102.909716325	26.8972113756
102.909716325	26.8972113756
102.972196618	26.7746799129
102.972196618	26.7746799129
102.980683409	26.7319862851
102.980683409	26.7319862851
102.998703935	26.6583572968
102.998703935	26.6583572968
103.02294666	26.6076228694
103.02294666	26.6076228694
103.022754371	26.5791233957
103.022754371	26.5791233957
103.02271153	26.5724722718
103.02271153	26.5724722718
103.055250459	26.5438666282
103.055250459	26.5438666282
103.069836676	26.5123369532
103.069836676	26.5123369532
103.058155053	26.509811263
103.058155053	26.509811263
103.041231921	26.5042490163
103.041231921	26.5042490163
103.002049067	26.5153126529
103.002049067	26.5153126529
102.992714699	26.4804831431
102.992714699	26.4804831431
103.015491889	26.4350442043
103.015491889	26.4350442043
103.006382996	26.4227593877
103.006382996	26.4227593877
103.015092672	26.3764313116
103.015092672	26.3764313116
102.932477203	26.3270385493
102.932477203	26.3270385493
102.825236858	26.296729155
102.825236858	26.296729155
102.803873569	26.3018755303
102.803873569	26.3018755303
102.801633367	26.3024129508
102.801633367	26.3024129508
102.739571386	26.2496789894
102.739571386	26.2496789894
102.678088202	26.2149732336
102.678088202	26.2149732336
102.634990223	26.2373840068
102.634990223	26.2373840068
102.634867764	26.2869837438
102.634867764	26.2869837438
102.650173328	26.3448159073
102.650173328	26.3448159073
102.610264033	26.3764392497
102.610264033	26.3764392497
102.568574379	26.3691548094
102.568574379	26.3691548094
102.560880985	26.3616003941
102.560880985	26.3616003941
102.503507874	26.3052650642
102.503507874	26.3052650642
102.454254948	26.3046353987
102.454254948	26.3046353987
102.409537349	26.2862574176
102.409537349	26.2862574176
102.357313534	26.2501981542
102.357313534	26.2501981542
102.298111878	26.2253559354
102.298111878	26.2253559354
102.251383128	26.1876417691
102.251383128	26.1876417691
102.217369689	26.1601609827
102.217369689	26.1601609827
102.185758917	26.1425946181
102.185758917	26.1425946181
102.151441963	26.1103799713
102.151441963	26.1103799713
102.119230318	26.073689958
102.119230318	26.073689958
102.116793378	26.0709046338
102.116793378	26.0709046338
102.080431106	26.0619925273
102.080431106	26.0619925273
102.034481014	26.1038413555
102.034481014	26.1038413555
102.025427303	26.1040938587
102.025427303	26.1040938587
101.969233987	26.114481558
101.969233987	26.114481558
101.919714982	26.095531288
101.919714982	26.095531288
101.876644861	26.0896080666
101.876644861	26.0896080666
101.821511674	26.0820027545
101.821511674	26.0820027545
101.814528817	26.1031579279
101.814528817	26.1031579279
101.816691957	26.1556876674
101.816691957	26.1556876674
101.771483147	26.2417189856
101.771483147	26.2417189856
101.665421613	26.2139414743
101.665421613	26.2139414743
101.595411777	26.2411630923
101.595411777	26.2411630923
101.605314262	26.3168382872
101.605314262	26.3168382872
101.636743353	26.3146948418
101.636743353	26.3146948418
101.687891419	26.3383906563
101.687891419	26.3383906563
101.693293827	26.3559375164
101.693293827	26.3559375164
101.630423915	26.4342450965
101.630423915	26.4342450965
101.557101804	26.5044974296
101.557101804	26.5044974296
101.470407144	26.5208560129
101.470407144	26.5208560129
101.400493505	26.5367268779
101.400493505	26.5367268779
101.436392939	26.624284538
101.436392939	26.624284538
101.489209718	26.663498529
101.489209718	26.663498529
101.523839188	26.7445861101
101.523839188	26.7445861101
101.541951448	26.7666930361
101.541951448	26.7666930361
101.518506073	26.7748062347
101.518506073	26.7748062347
101.488513216	26.7851747578
101.488513216	26.7851747578
101.463719598	26.7589408521
101.463719598	26.7589408521
101.464500578	26.7508899741
101.464500578	26.7508899741
101.42082382	26.7213927014
101.42082382	26.7213927014
101.398413234	26.7331968242
101.398413234	26.7331968242
101.425426957	26.8191221826
101.425426957	26.8191221826
101.423145071	26.8423851796
101.423145071	26.8423851796
101.393510087	26.8860845981
101.393510087	26.8860845981
101.313646237	26.9141686816
101.313646237	26.9141686816
101.267713921	26.9169071516
101.267713921	26.9169071516
101.260174744	26.9377341528
101.260174744	26.9377341528
101.250880652	26.9633646418
101.250880652	26.9633646418
101.188132697	26.9917975363
101.188132697	26.9917975363
101.171182963	27.0589528228
101.171182963	27.0589528228
101.189185464	27.1522735334
101.189185464	27.1522735334
101.16225269	27.1870924942
101.16225269	27.1870924942
101.155148341	27.1906467863
101.155148341	27.1906467863
101.079661628	27.2283130444
101.079661628	27.2283130444
101.047885863	27.2699255499
101.047885863	27.2699255499
101.043100908	27.3163790616
101.043100908	27.3163790616
101.027084657	27.3430244431
101.027084657	27.3430244431
101.013470383	27.3662544556
101.013470383	27.3662544556
100.995410315	27.4125383864
100.995410315	27.4125383864
100.978532335	27.4571107681
100.978532335	27.4571107681
100.887241572	27.441666413
100.887241572	27.441666413
100.889393155	27.5183727366
100.889393155	27.5183727366
100.869929176	27.567213728
100.869929176	27.567213728
100.865648595	27.6271756425
100.865648595	27.6271756425
100.862736559	27.644944778
100.862736559	27.644944778
100.812917366	27.6805043801
100.812917366	27.6805043801
100.760656921	27.738347786
100.760656921	27.738347786
100.73805235	27.8057888307
100.73805235	27.8057888307
100.736335246	27.8105144881
100.736335246	27.8105144881
100.717693448	27.8617034795
100.717693448	27.8617034795
100.677020469	27.8961564083
100.677020469	27.8961564083
100.635978669	27.8864768848
100.635978669	27.8864768848
100.58862525	27.8501670789
100.58862525	27.8501670789
100.530428425	27.8102269978
100.530428425	27.8102269978
100.48567581	27.8811683349
100.48567581	27.8811683349
100.436547293	27.8428414961
100.436547293	27.8428414961
100.419729302	27.7910232632
100.419729302	27.7910232632
100.390917492	27.7526935523
100.390917492	27.7526935523
100.372276295	27.7383895359
100.372276295	27.7383895359
100.336461681	27.7470425995
100.336461681	27.7470425995
100.298081407	27.8148732218
100.298081407	27.8148732218
100.326876056	27.8416376741
100.326876056	27.8416376741
100.291144812	27.8673814553
100.291144812	27.8673814553
100.223753904	27.8822958532
100.223753904	27.8822958532
100.195492674	27.9050555537
100.195492674	27.9050555537
100.200390327	27.9437987131
100.200390327	27.9437987131
100.200898795	27.9478216548
100.200898795	27.9478216548
100.140846566	27.9966168103
100.140846566	27.9966168103
100.067134545	28.0828756079
100.067134545	28.0828756079
100.053851939	28.1797765277
100.053851939	28.1797765277
100.061194963	28.1876110253
100.061194963	28.1876110253
100.10425153	28.1895639254
100.10425153	28.1895639254
100.139552731	28.1872292
100.139552731	28.1872292
100.161492383	28.2206045392
100.161492383	28.2206045392
100.18978405	28.2617138732
100.18978405	28.2617138732
100.170071637	28.2717067606
100.170071637	28.2717067606
100.170479884	28.2951188203
100.170479884	28.2951188203
100.177123051	28.3001884363
100.177123051	28.3001884363
100.152494766	28.3439194813
100.152494766	28.3439194813
100.143800549	28.3566531627
100.143800549	28.3566531627
100.124376239	28.3549774416
100.124376239	28.3549774416
100.106695018	28.3561425466
100.106695018	28.3561425466
100.091136837	28.3655818418
100.091136837	28.3655818418
100.097556512	28.3904154793
100.097556512	28.3904154793
100.052498064	28.4314515342
100.052498064	28.4314515342
100.03208086	28.4647351579
100.03208086	28.4647351579
100.007870553	28.4949809658
100.007870553	28.4949809658
100.005042469	28.5279929393
100.005042469	28.5279929393
100.005317337	28.5432962588
100.005317337	28.5432962588
99.9886800551	28.5616147291
99.9886800551	28.5616147291
99.9726395428	28.5904384609
99.9726395428	28.5904384609
99.9466759281	28.6370232139
99.9466759281	28.6370232139
99.9249535566	28.6279273843
99.9249535566	28.6279273843
99.8797841543	28.5808047752
99.8797841543	28.5808047752
99.8560348949	28.5715089648
99.8560348949	28.5715089648
99.87043219	28.6159263205
99.87043219	28.6159263205
99.793085708	28.7169120216
99.793085708	28.7169120216
99.7519067937	28.7401980195
99.7519067937	28.7401980195
99.7639669508	28.795190101
99.7639669508	28.795190101
99.7529674146	28.8175710694
99.7529674146	28.8175710694
99.7416610299	28.8596840117
99.7416610299	28.8596840117
99.7023764517	28.8408964568
99.7023764517	28.8408964568
99.641213751	28.7886687909
99.641213751	28.7886687909
99.643594994	28.7349639747
99.643594994	28.7349639747
99.6267888912	28.7213425014
99.6267888912	28.7213425014
99.6086585713	28.7066387983
99.6086585713	28.7066387983
99.5930086329	28.6989265613
99.5930086329	28.6989265613
99.5780261899	28.6688013084
99.5780261899	28.6688013084
99.5600591727	28.612324234
99.5600591727	28.612324234
99.5231076974	28.5756809444
99.5231076974	28.5756809444
99.4681307181	28.5427561506
99.4681307181	28.5427561506
99.4367209113	28.5371612729
99.4367209113	28.5371612729
99.4013855277	28.5132032001
99.4013855277	28.5132032001
99.4121219417	28.4683277734
99.4121219417	28.4683277734
99.4159366105	28.3958105875
99.4159366105	28.3958105875
99.4138101009	28.3461309614
99.4138101009	28.3461309614
99.4178913939	28.2880213464
99.4178913939	28.2880213464
99.4085710877	28.2214559043
99.4085710877	28.2214559043
99.381910619	28.1784652377
99.381910619	28.1784652377
99.3766737998	28.1817268408
99.3766737998	28.1817268408
99.3517388251	28.1972511734
99.3517388251	28.1972511734
99.319129217	28.2437027868
99.319129217	28.2437027868
99.2448063176	28.3672135031
99.2448063176	28.3672135031
99.2085232532	28.4663658492
99.2085232532	28.4663658492
99.2226224003	28.5432662637
99.2226224003	28.5432662637
99.1952354785	28.6369278315
99.1952354785	28.6369278315
99.1607301098	28.7451831086
99.1607301098	28.7451831086
99.1521478913	28.8450680202
99.1521478913	28.8450680202
99.1522873841	28.8723751396
99.1522873841	28.8723751396
99.170248356	28.9233516052
99.170248356	28.9233516052
99.1608859617	28.9647057027
99.1608859617	28.9647057027
99.1798030728	29.040391986
99.1798030728	29.040391986
99.1534200845	29.1188403417
99.1534200845	29.1188403417
99.1440580801	29.1918403729
99.1440580801	29.1918403729
99.1526171554	29.2207896102
> -L"20"
106.37760352	28.521749242
106.374095421	28.4980532703
106.374095421	28.4980532703
106.339293322	28.469211708
106.339293322	28.469211708
106.295114315	28.4910666167
106.295114315	28.4910666167
106.289426209	28.5266828873
106.289426209	28.5266828873
106.25261412	28.5371615117
106.25261412	28.5371615117
106.241441333	28.5403426186
106.241441333	28.5403426186
106.219833135	28.5629040003
106.219833135	28.5629040003
106.181969435	28.6028184139
106.181969435	28.6028184139
106.178817059	28.6268742178
106.178817059	28.6268742178
106.139078318	28.6389732412
106.139078318	28.6389732412
106.107473491	28.6307525127
106.107473491	28.6307525127
106.080576078	28.6548985701
106.080576078	28.6548985701
106.06272176	28.6838145228
106.06272176	28.6838145228
106.037982497	28.7053337996
106.037982497	28.7053337996
106.00106047	28.7219578645
106.00106047	28.7219578645
106.003957899	28.7480015196
106.003957899	28.7480015196
105.980679078	28.7597179936
105.980679078	28.7597179936
105.961472874	28.7509956007
105.961472874	28.7509956007
105.890472582	28.6813896706
105.890472582	28.6813896706
105.900104164	28.6101496032
105.900104164	28.6101496032
105.808177994	28.6131089373
105.808177994	28.6131089373
105.722586282	28.6126488908
105.722586282	28.6126488908
105.68009889	28.5761567459
105.68009889	28.5761567459
105.664658393	28.5353010916
105.664658393	28.5353010916
105.627037326	28.5052300193
105.627037326	28.5052300193
105.623741112	28.4692977529
105.623741112	28.4692977529
105.657911253	28.4249288526
105.657911253	28.4249288526
105.651857222	28.4023187904
105.651857222	28.4023187904
105.634959197	28.3506297656
105.634959197	28.3506297656
105.645247586	28.2901233653
105.645247586	28.2901233653
105.682301852	28.2683553091
105.682301852	28.2683553091
105.693956963	28.261506653
105.693956963	28.261506653
105.726674267	28.2851220051
105.726674267	28.2851220051
105.779535143	28.3175278215
105.779535143	28.3175278215
105.807338506	28.2952616992
105.807338506	28.2952616992
105.818639489	28.2803316261
105.818639489	28.2803316261
105.837009668	28.2560387359
105.837009668	28.2560387359
105.865051968	28.2283885105
105.865051968	28.2283885105
105.862562272	28.1951572962
105.862562272	28.1951572962
105.87953035	28.1411217813
105.87953035	28.1411217813
105.944467344	28.1344803032
105.944467344	28.1344803032
105.995706061	28.0914854169
105.995706061	28.0914854169
106.094408321	28.129834889
106.094408321	28.129834889
106.162327171	28.1473572634
106.162327171	28.1473572634
106.258240021	28.1127551594
106.258240021	28.1127551594
106.258531847	28.0349717349
106.258531847	28.0349717349
106.250306108	28.0123035421
106.250306108	28.0123035421
106.291239277	27.9894410795
106.291239277	27.9894410795
106.321184962	27.9357420782
106.321184962	27.9357420782
106.319329849	27.8837028707
106.319329849	27.8837028707
106.337966553	27.830519226
106.337966553	27.830519226
106.294986619	27.7733197377
106.294986619	27.7733197377
106.277466789	27.7595564285
106.277466789	27.7595564285
106.253638136	27.7444622986
106.253638136	27.7444622986
106.196615783	27.7425681248
106.196615783	27.7425681248
106.179683609	27.7563179743
106.179683609	27.7563179743
106.155237788	27.7554945656
106.155237788	27.7554945656
106.137974603	27.7763806634
106.137974603	27.7763806634
106.121343594	27.7829710567
106.121343594	27.7829710567
106.105382646	27.7752699823
106.105382646	27.7752699823
106.097229049	27.7749906496
106.097229049	27.7749906496
106.097552638	27.7678433221
106.097552638	27.7678433221
106.089399125	27.7675633988
106.089399125	27.7675633988
106.081584459	27.7601381885
106.081584459	27.7601381885
106.08223203	27.7458451353
106.08223203	27.7458451353
106.008909438	27.7432982077
106.008909438	27.7432982077
105.976995836	27.7278527194
105.976995836	27.7278527194
105.935255981	27.7478444614
105.935255981	27.7478444614
105.901052353	27.7395738043
105.901052353	27.7395738043
105.895889307	27.7177962368
105.895889307	27.7177962368
105.893077364	27.7176969194
105.893077364	27.7176969194
105.87959718	27.7172068478
105.87959718	27.7172068478
105.871458686	27.7169115454
105.871458686	27.7169115454
105.863651561	27.7094698057
105.863651561	27.7094698057
105.855505243	27.7091730374
105.855505243	27.7091730374
105.855166253	27.7163186153
105.855166253	27.7163186153
105.830735717	27.715427344
105.830735717	27.715427344
105.814097001	27.7219737386
105.814097001	27.7219737386
105.797812298	27.7213728655
105.797812298	27.7213728655
105.790020624	27.7139264851
105.790020624	27.7139264851
105.765589951	27.7130188515
105.765589951	27.7130188515
105.750021421	27.6981186702
105.750021421	27.6981186702
105.742222013	27.6906658048
105.742222013	27.6906658048
105.726306953	27.6829071667
105.726306953	27.6829071667
105.693730252	27.6816790544
105.693730252	27.6816790544
105.65231424	27.6944215413
105.65231424	27.6944215413
105.635667748	27.7009421017
105.635667748	27.7009421017
105.611252345	27.6999992663
105.611252345	27.6999992663
105.594598301	27.7065180431
105.594598301	27.7065180431
105.578313904	27.7058854077
105.578313904	27.7058854077
105.560928507	27.7266860302
105.560928507	27.7266860302
105.536128614	27.7328731553
105.536128614	27.7328731553
105.527236108	27.7468427046
105.527236108	27.7468427046
105.515202006	27.7493371587
105.515202006	27.7493371587
105.476541027	27.7691142421
105.476541027	27.7691142421
105.425363383	27.7518241522
105.425363383	27.7518241522
105.391775449	27.7307382302
105.391775449	27.7307382302
105.382839198	27.7258917115
105.382839198	27.7258917115
105.343830203	27.7108433582
105.343830203	27.7108433582
105.332170229	27.7119221724
> -L"20"
97.7720343136	32.5443603272
97.7344983696	32.5655827499
97.7344983696	32.5655827499
97.6852040474	32.588723497
97.6852040474	32.588723497
97.6560838379	32.6045266114
97.6560838379	32.6045266114
97.6377532339	32.6245553164
97.6377532339	32.6245553164
97.6132809237	32.6595976848
97.6132809237	32.6595976848
97.561042605	32.7011737177
97.561042605	32.7011737177
97.540813283	32.7084743129
97.540813283	32.7084743129
97.4777600078	32.7207336748
97.4777600078	32.7207336748
97.4249334283	32.7653266448
97.4249334283	32.7653266448
97.406030418	32.788394779
97.406030418	32.788394779
97.3974413663	32.8187990159
97.3974413663	32.8187990159
97.4194575705	32.8492542674
97.4194575705	32.8492542674
97.3985964462	32.8846372012
97.3985964462	32.8846372012
97.3886442937	32.8992445824
97.3886442937	32.8992445824
97.3433057947	32.9195530709
97.3433057947	32.9195530709
97.3968467099	32.9696994488
97.3968467099	32.9696994488
97.4428077284	32.9977180534
97.4428077284	32.9977180534
97.5076150181	32.9963570117
97.5076150181	32.9963570117
97.5472282638	32.9950649079
97.5472282638	32.9950649079
97.5522028456	32.9982581913
97.5522028456	32.9982581913
97.5510800774	33.0196018226
97.5510800774	33.0196018226
97.5386423633	33.0362099333
97.5386423633	33.0362099333
97.5495514661	33.0435813787
97.5495514661	33.0435813787
97.5639473834	33.0566826664
97.5639473834	33.0566826664
97.5543476339	33.0691133578
97.5543476339	33.0691133578
97.5440769117	33.0787876939
97.5440769117	33.0787876939
97.5093508703	33.1047304397
97.5093508703	33.1047304397
97.5128886926	33.1453277509
97.5128886926	33.1453277509
97.5539759174	33.1844027653
97.5539759174	33.1844027653
97.5754107597	33.2017908359
97.5754107597	33.2017908359
97.610731743	33.2500851168
97.610731743	33.2500851168
97.6490567309	33.3076039391
97.6490567309	33.3076039391
97.6882728441	33.3678679633
97.6882728441	33.3678679633
97.7798138937	33.4239681573
97.7798138937	33.4239681573
97.7368563292	33.4370975628
97.7368563292	33.4370975628
97.6655961094	33.4495796086
97.6655961094	33.4495796086
97.6449760454	33.4760910869
97.6449760454	33.4760910869
97.5778911657	33.4755458067
97.5778911657	33.4755458067
97.5404699563	33.4824573333
97.5404699563	33.4824573333
97.5094784541	33.5677673073
97.5094784541	33.5677673073
97.4396082484	33.6052974666
97.4396082484	33.6052974666
97.4634724051	33.6568929486
97.4634724051	33.6568929486
97.4321897993	33.743045834
97.4321897993	33.743045834
97.400256876	33.8049989357
97.400256876	33.8049989357
97.4079549175	33.8191932553
97.4079549175	33.8191932553
97.4357062787	33.8256082969
97.4357062787	33.8256082969
97.4431803659	33.8272664587
97.4431803659	33.8272664587
97.5279764237	33.8859386876
97.5279764237	33.8859386876
97.566803277	33.8854095597
97.566803277	33.8854095597
97.665140797	33.9006783121
97.665140797	33.9006783121
97.6831007547	33.9489242586
97.6831007547	33.9489242586
97.694264562	33.9911202564
97.694264562	33.9911202564
97.7254330031	34.0065916578
97.7254330031	34.0065916578
97.7733650935	33.9811475323
97.7733650935	33.9811475323
97.810594771	33.9768072631
97.810594771	33.9768072631
97.8070036847	33.9353720956
97.8070036847	33.9353720956
97.8107548369	33.875024058
97.8107548369	33.875024058
97.8694447646	33.8674345908
97.8694447646	33.8674345908
97.9210042864	33.8993010806
97.9210042864	33.8993010806
97.9642752407	33.9276531721
97.9642752407	33.9276531721
98.0485593768	33.9412304767
98.0485593768	33.9412304767
98.1520796882	33.952134064
98.1520796882	33.952134064
98.2660045761	33.9452009811
98.2660045761	33.9452009811
98.3033148085	33.9023477836
98.3033148085	33.9023477836
98.302310728	33.856738092
98.302310728	33.856738092
98.3411075119	33.8559640537
98.3411075119	33.8559640537
98.3813767089	33.8678078008
98.3813767089	33.8678078008
98.4039083758	33.8422699393
98.4039083758	33.8422699393
98.4247193768	33.8458228266
98.4247193768	33.8458228266
98.4739966142	33.8542179096
98.4739966142	33.8542179096
98.5251556275	33.8367007462
98.5251556275	33.8367007462
98.5700107991	33.7784211001
98.5700107991	33.7784211001
98.6358614169	33.7193961378
98.6358614169	33.7193961378
98.6721171488	33.6817036974
98.6721171488	33.6817036974
98.6480191698	33.6420015298
98.6480191698	33.6420015298
98.6906267203	33.5825843311
98.6906267203	33.5825843311
98.7134551062	33.5302541194
98.7134551062	33.5302541194
98.7298342899	33.4844697241
98.7298342899	33.4844697241
98.7573872552	33.4450660959
98.7573872552	33.4450660959
98.7959177439	33.3272296125
98.7959177439	33.3272296125
98.7672779937	33.288899693
98.7672779937	33.288899693
98.8486201831	33.2169212447
98.8486201831	33.2169212447
98.8375523159	33.1784193283
98.8375523159	33.1784193283
98.9225069949	33.1344091812
98.9225069949	33.1344091812
99.0043932599	33.0722161583
99.0043932599	33.0722161583
99.0192737171	33.0753445734
99.0192737171	33.0753445734
99.0435221875	33.0900259745
99.0435221875	33.0900259745
99.0925154203	33.075682669
99.0925154203	33.075682669
99.16116586	33.053257142
99.16116586	33.053257142
99.2526161735	32.9908740412
99.2526161735	32.9908740412
99.2762201794	32.9410363207
99.2762201794	32.9410363207
99.289113312	32.9137818474
99.289113312	32.9137818474
99.3245916918	32.8767442948
99.3245916918	32.8767442948
99.3650992272	32.8838691626
99.3650992272	32.8838691626
99.3761800599	32.868240964
99.3761800599	32.868240964
99.3972589643	32.8384899245
99.3972589643	32.8384899245
99.432895906	32.7746702368
99.432895906	32.7746702368
99.5225763297	32.7286737056
99.5225763297	32.7286737056
99.5519236874	32.7135960841
99.5519236874	32.7135960841
99.5992757341	32.7176689721
99.5992757341	32.7176689721
99.6325973121	32.6955383125
99.6325973121	32.6955383125
99.6480634919	32.702214177
99.6480634919	32.702214177
99.6430744048	32.7410479541
99.6430744048	32.7410479541
99.6947683986	32.7624077125
99.6947683986	32.7624077125
99.7225019313	32.7156914119
99.7225019313	32.7156914119
99.7924335395	32.6618190734
99.7924335395	32.6618190734
99.8457890483	32.6698742219
99.8457890483	32.6698742219
99.8761503032	32.6965049395
99.8761503032	32.6965049395
99.8635182997	32.7623573999
99.8635182997	32.7623573999
99.8898756564	32.8385956525
99.8898756564	32.8385956525
99.9839927042	32.861557075
99.9839927042	32.861557075
99.9916311445	32.8702120131
99.9916311445	32.8702120131
100.018287611	32.9276986217
100.018287611	32.9276986217
100.065268585	32.9270863707
100.065268585	32.9270863707
100.046208308	32.8871842267
100.046208308	32.8871842267
100.077311635	32.8647610205
100.077311635	32.8647610205
100.109037087	32.8637754085
100.109037087	32.8637754085
100.117146304	32.8332271392
100.117146304	32.8332271392
100.137019289	32.777773206
100.137019289	32.777773206
100.151676699	32.7290195999
100.151676699	32.7290195999
100.118431282	32.6808249084
100.118431282	32.6808249084
100.163756201	32.6122655432
100.163756201	32.6122655432
100.217973314	32.6041715254
100.217973314	32.6041715254
100.240026879	32.6193346471
100.240026879	32.6193346471
100.235756034	32.6546619403
100.235756034	32.6546619403
100.267245547	32.7089222533
100.267245547	32.7089222533
100.281193521	32.7466014929
100.281193521	32.7466014929
100.350309066	32.7235887047
100.350309066	32.7235887047
100.419323329	32.7468879072
100.419323329	32.7468879072
100.504199687	32.6911559145
100.504199687	32.6911559145
100.544837608	32.624511426
100.544837608	32.624511426
100.572916435	32.5868551799
100.572916435	32.5868551799
100.518034735	32.527278516
100.518034735	32.527278516
100.471271053	32.4638508088
100.471271053	32.4638508088
100.521664312	32.4223295754
100.521664312	32.4223295754
100.543826525	32.4194785782
100.543826525	32.4194785782
100.573350518	32.415670578
100.573350518	32.415670578
100.616684184	32.4529339199
100.616684184	32.4529339199
100.651117551	32.5019711382
100.651117551	32.5019711382
100.663153677	32.5385667517
100.663153677	32.5385667517
100.664614451	32.6010911884
100.664614451	32.6010911884
100.73226841	32.616985922
100.73226841	32.616985922
100.72189152	32.641152607
100.72189152	32.641152607
100.733718069	32.670581925
100.733718069	32.670581925
100.850116769	32.6500088527
100.850116769	32.6500088527
100.898422922	32.6358191755
100.898422922	32.6358191755
100.944277051	32.6044950943
100.944277051	32.6044950943
100.96913463	32.605461882
100.96913463	32.605461882
101.027054099	32.6409559112
101.027054099	32.6409559112
101.112647874	32.6820159914
101.112647874	32.6820159914
101.129571536	32.6565197903
101.129571536	32.6565197903
101.135872385	32.6584813697
101.135872385	32.6584813697
101.215690728	32.683286011
101.215690728	32.683286011
101.266326719	32.7573224147
101.266326719	32.7573224147
101.22520248	32.8354270578
101.22520248	32.8354270578
101.110630547	32.9170811403
101.110630547	32.9170811403
101.129691028	33.040502632
101.129691028	33.040502632
101.167361465	33.1046891211
101.167361465	33.1046891211
101.207878227	33.1620550843
101.207878227	33.1620550843
101.218401737	33.1769426597
101.218401737	33.1769426597
101.270280596	33.1922386192
101.270280596	33.1922386192
101.377078896	33.1544199654
101.377078896	33.1544199654
101.40692223	33.1511792585
101.40692223	33.1511792585
101.4429346	33.2231507474
101.4429346	33.2231507474
101.508345334	33.2143570924
101.508345334	33.2143570924
101.556048697	33.1455567306
101.556048697	33.1455567306
101.625232584	33.1209439781
101.625232584	33.1209439781
101.646271794	33.1368921494
101.646271794	33.1368921494
101.662671098	33.1493235131
101.662671098	33.1493235131
101.741829808	33.2499364391
101.741829808	33.2499364391
101.678776085	33.3097406815
101.678776085	33.3097406815
101.669763051	33.3331569566
101.669763051	33.3331569566
101.721660537	33.4238805961
101.721660537	33.4238805961
101.797444208	33.4662793824
101.797444208	33.4662793824
101.796725968	33.5250158238
> -L"20"
101.796725968	33.5250158238
101.805392811	33.575744292
101.805392811	33.575744292
101.824498032	33.6143645513
101.824498032	33.6143645513
101.845204608	33.6375266833
101.845204608	33.6375266833
101.86270454	33.6169024232
101.86270454	33.6169024232
101.895790122	33.5941970248
101.895790122	33.5941970248
101.915144523	33.5550160106
101.915144523	33.5550160106
101.921727052	33.4900929859
101.921727052	33.4900929859
101.941679131	33.4447249135
101.941679131	33.4447249135
101.943242573	33.4292668208
101.943242573	33.4292668208
101.94948013	33.3674242299
101.94948013	33.3674242299
101.930688455	33.3257197444
101.930688455	33.3257197444
101.905242489	33.2742283576
101.905242489	33.2742283576
101.846265384	33.2516307188
101.846265384	33.2516307188
101.824079524	33.2439191885
101.824079524	33.2439191885
101.825979439	33.2253657656
101.825979439	33.2253657656
101.867766295	33.190798518
101.867766295	33.190798518
101.902859917	33.146425632
101.902859917	33.146425632
101.927528304	33.1293789792
101.927528304	33.1293789792
101.958837191	33.1221095431
101.958837191	33.1221095431
101.988298891	33.1333871275
101.988298891	33.1333871275
102.013131745	33.191050822
102.013131745	33.191050822
102.05721321	33.2094898069
102.05721321	33.2094898069
102.094930506	33.2150506064
102.094930506	33.2150506064
102.113469144	33.259826484
102.113469144	33.259826484
102.133256259	33.2922243089
102.133256259	33.2922243089
102.155487796	33.2998771832
102.155487796	33.2998771832
102.172230696	33.2853915775
102.172230696	33.2853915775
102.199290694	33.2435476082
102.199290694	33.2435476082
102.214507861	33.2445157367
102.214507861	33.2445157367
102.227318816	33.2702298134
102.227318816	33.2702298134
102.227725667	33.3052045688
102.227725667	33.3052045688
102.242652601	33.3490074534
102.242652601	33.3490074534
102.262507905	33.3813828814
102.262507905	33.3813828814
102.306158726	33.4059137788
102.306158726	33.4059137788
102.329317826	33.4042535487
102.329317826	33.4042535487
102.369219045	33.3880789652
102.369219045	33.3880789652
102.392079758	33.3895012145
102.392079758	33.3895012145
102.441640552	33.4330128026
102.441640552	33.4330128026
102.471277244	33.4441758792
102.471277244	33.4441758792
102.478030558	33.4539225328
102.478030558	33.4539225328
102.46602597	33.4998489779
102.46602597	33.4998489779
102.486294559	33.5290882853
102.486294559	33.5290882853
102.484837523	33.5445538366
102.484837523	33.5445538366
102.396687274	33.5826765508
102.396687274	33.5826765508
102.371397415	33.6059944848
102.371397415	33.6059944848
102.354026893	33.6266887616
102.354026893	33.6266887616
102.338044122	33.7127932826
102.338044122	33.7127932826
102.315683016	33.7051749869
102.315683016	33.7051749869
102.291827273	33.7130151358
102.291827273	33.7130151358
102.29032482	33.7284728116
102.29032482	33.7284728116
102.309696283	33.7670128975
102.309696283	33.7670128975
102.300842375	33.7789010055
102.300842375	33.7789010055
102.269006473	33.789345404
102.269006473	33.789345404
102.266891086	33.8109886435
102.266891086	33.8109886435
102.264177474	33.838810013
102.264177474	33.838810013
102.262675745	33.854263669
102.262675745	33.854263669
102.239371857	33.8559118785
102.239371857	33.8559118785
102.222522697	33.8704022573
102.222522697	33.8704022573
102.187889921	33.9086448814
102.187889921	33.9086448814
102.154153268	33.937603622
102.154153268	33.937603622
102.153233599	33.946876928
102.153233599	33.946876928
102.182409235	33.9642807295
102.182409235	33.9642807295
102.197143045	33.9714332886
102.197143045	33.9714332886
102.262477989	34.0001451923
102.262477989	34.0001451923
102.30471748	33.9997583972
102.30471748	33.9997583972
102.332956637	34.0157318756
102.332956637	34.0157318756
102.368968886	34.0312924684
102.368968886	34.0312924684
102.409456615	34.0693352849
102.409456615	34.0693352849
102.455889302	34.0917247685
102.455889302	34.0917247685
102.472270834	34.0820585746
102.472270834	34.0820585746
102.513435702	34.0552308997
102.513435702	34.0552308997
102.576557758	34.0883549541
102.576557758	34.0883549541
102.658422425	34.0745794769
102.658422425	34.0745794769
102.657994643	34.1029874679
102.657994643	34.1029874679
102.619722643	34.1344791007
102.619722643	34.1344791007
102.727474211	34.2119258769
102.727474211	34.2119258769
102.735256121	34.2354779225
102.735256121	34.2354779225
102.772026827	34.2689285618
102.772026827	34.2689285618
102.7822175	34.2781942943
102.7822175	34.2781942943
102.878321682	34.255320191
102.878321682	34.255320191
102.896146986	34.2785472159
102.896146986	34.2785472159
102.901871787	34.3010832137
102.901871787	34.3010832137
102.939853908	34.2970294148
102.939853908	34.2970294148
102.963039802	34.2745488012
102.963039802	34.2745488012
102.982245872	34.2559103487
102.982245872	34.2559103487
103.001173284	34.1921404705
103.001173284	34.1921404705
103.053457251	34.1755380201
103.053457251	34.1755380201
103.087932789	34.1730226507
103.087932789	34.1730226507
103.141198696	34.1448975369
103.141198696	34.1448975369
103.18333875	34.0788277176
103.18333875	34.0788277176
103.153604355	34.0398815041
103.153604355	34.0398815041
103.16077851	34.0207340923
103.16077851	34.0207340923
103.122971382	33.9609000235
103.122971382	33.9609000235
103.191846144	33.9158514148
103.191846144	33.9158514148
103.190056714	33.8597842327
103.190056714	33.8597842327
103.178453894	33.8156107122
103.178453894	33.8156107122
103.192810425	33.7764239144
103.192810425	33.7764239144
103.328161581	33.7616102266
103.328161581	33.7616102266
103.39109895	33.7445636592
103.39109895	33.7445636592
103.451780527	33.781554698
103.451780527	33.781554698
103.477032946	33.8219810152
103.477032946	33.8219810152
103.519159298	33.8313047432
103.519159298	33.8313047432
103.508341189	33.7214752076
103.508341189	33.7214752076
103.536150452	33.6767403939
103.536150452	33.6767403939
103.541743174	33.6779016881
103.541743174	33.6779016881
103.62791707	33.6957359687
103.62791707	33.6957359687
103.704897791	33.6801474185
103.704897791	33.6801474185
103.781847696	33.6645125779
103.781847696	33.6645125779
103.841685241	33.6852819285
103.841685241	33.6852819285
103.901261611	33.6811342799
103.901261611	33.6811342799
104.005797605	33.6773801949
104.005797605	33.6773801949
104.020437623	33.686972609
104.020437623	33.686972609
104.051446803	33.6831456841
104.051446803	33.6831456841
104.055365466	33.6798098171
104.055365466	33.6798098171
104.181374064	33.5721240649
104.181374064	33.5721240649
104.189787569	33.5175054154
104.189787569	33.5175054154
104.20010611	33.4504395362
104.20010611	33.4504395362
104.22678393	33.3992881438
104.22678393	33.3992881438
104.276825723	33.3723147202
104.276825723	33.3723147202
104.327974441	33.3293876849
104.327974441	33.3293876849
104.380354909	33.3300204246
104.380354909	33.3300204246
104.436213673	33.3121371565
104.436213673	33.3121371565
104.421428272	33.2892606408
104.421428272	33.2892606408
104.344406449	33.2978943046
104.344406449	33.2978943046
104.321317349	33.2846683113
104.321317349	33.2846683113
104.35571182	33.1840925939
104.35571182	33.1840925939
104.383889166	33.1089817023
104.383889166	33.1089817023
104.354748051	33.058773665
104.354748051	33.058773665
104.370933371	33.0453018102
104.370933371	33.0453018102
104.41466877	33.0268717655
104.41466877	33.0268717655
104.424908926	32.989130482
104.424908926	32.989130482
104.391385621	32.9396083493
104.391385621	32.9396083493
104.365292801	32.9552945499
104.365292801	32.9552945499
104.287159868	32.9072276665
104.287159868	32.9072276665
104.29244963	32.8922298536
104.29244963	32.8922298536
104.313011652	32.8337806777
104.313011652	32.8337806777
104.413216164	32.7824160058
104.413216164	32.7824160058
104.487504981	32.7431367612
104.487504981	32.7431367612
104.585144727	32.7261857966
104.585144727	32.7261857966
104.627815316	32.7040772894
104.627815316	32.7040772894
104.656276901	32.6767276479
104.656276901	32.6767276479
104.674116402	32.6758920233
104.674116402	32.6758920233
104.742958526	32.6335552578
104.742958526	32.6335552578
104.851454675	32.6470797594
104.851454675	32.6470797594
104.923461396	32.5870048794
104.923461396	32.5870048794
105.045650553	32.6409185162
105.045650553	32.6409185162
105.057470959	32.6245168133
105.057470959	32.6245168133
105.108553728	32.6034693193
105.108553728	32.6034693193
105.200493317	32.6517812979
105.200493317	32.6517812979
105.272305512	32.6387149644
105.272305512	32.6387149644
105.298061225	32.6397115977
105.298061225	32.6397115977
105.356839652	32.6843154895
105.356839652	32.6843154895
105.450388239	32.743428022
105.450388239	32.743428022
105.468696039	32.762629822
105.468696039	32.762629822
105.432455328	32.7745069894
105.432455328	32.7745069894
105.416323853	32.7739010719
105.416323853	32.7739010719
105.401770972	32.8371787422
105.401770972	32.8371787422
105.402837558	32.8503732147
105.402837558	32.8503732147
105.433470121	32.9030443014
105.433470121	32.9030443014
105.492934553	32.9079129364
105.492934553	32.9079129364
105.504199549	32.9039220193
> -L"20"
105.504199549	32.9039220193
105.496215084	32.8494086475
105.496215084	32.8494086475
105.504258762	32.8026282025
105.504258762	32.8026282025
105.532214037	32.7681227479
105.532214037	32.7681227479
105.574525148	32.708368077
105.574525148	32.708368077
105.612319895	32.7106216133
105.612319895	32.7106216133
105.638955721	32.7173328736
105.638955721	32.7173328736
105.665759343	32.7240795457
105.665759343	32.7240795457
105.735152056	32.7434026508
105.735152056	32.7434026508
105.787509223	32.7576567775
105.787509223	32.7576567775
105.827804819	32.7954598812
105.827804819	32.7954598812
105.822994285	32.8254936766
105.822994285	32.8254936766
105.844788744	32.8235713207
105.844788744	32.8235713207
105.894870259	32.8199314417
105.894870259	32.8199314417
105.953207004	32.8245452494
105.953207004	32.8245452494
106.025185428	32.8384497031
106.025185428	32.8384497031
106.069332416	32.8452059871
106.069332416	32.8452059871
106.099346873	32.8079816204
106.099346873	32.8079816204
106.082548831	32.7745850653
106.082548831	32.7745850653
106.075707572	32.7592654212
106.075707572	32.7592654212
106.136104263	32.7203346319
106.136104263	32.7203346319
106.227958194	32.6788019574
106.227958194	32.6788019574
106.303659374	32.6725009917
106.303659374	32.6725009917
106.313810099	32.6716526858
106.313810099	32.6716526858
106.403648232	32.6237063571
106.403648232	32.6237063571
106.462350221	32.6414136902
106.462350221	32.6414136902
106.482763281	32.6695328338
106.482763281	32.6695328338
106.553268108	32.6755208503
106.553268108	32.6755208503
106.56148974	32.6762167585
106.56148974	32.6762167585
106.624302106	32.7010524486
106.624302106	32.7010524486
106.630542074	32.7027335052
106.630542074	32.7027335052
106.727103039	32.7287121438
106.727103039	32.7287121438
106.762593749	32.708349158
106.762593749	32.708349158
106.805296338	32.69614821
106.805296338	32.69614821
106.839874665	32.697938508
106.839874665	32.697938508
107.05715097	32.7123222646
107.05715097	32.7123222646
107.083091159	32.6457930994
107.083091159	32.6457930994
107.046344375	32.599449981
107.046344375	32.599449981
107.040232273	32.5239303107
107.040232273	32.5239303107
107.038359269	32.4955111694
107.038359269	32.4955111694
107.105528866	32.4969363554
107.105528866	32.4969363554
107.125813077	32.4973593283
107.125813077	32.4973593283
107.123707426	32.450320882
107.123707426	32.450320882
107.223696252	32.4134923357
107.223696252	32.4134923357
107.238096574	32.4289941277
107.238096574	32.4289941277
107.263048253	32.4740503672
107.263048253	32.4740503672
107.289947358	32.5244744276
107.289947358	32.5244744276
107.342481883	32.5336221206
107.342481883	32.5336221206
107.39401826	32.5425677977
107.39401826	32.5425677977
107.396932327	32.5372152423
107.396932327	32.5372152423
107.413996917	32.5059207729
107.413996917	32.5059207729
107.392153197	32.4370613614
107.392153197	32.4370613614
107.405330532	32.407307143
107.405330532	32.407307143
107.441665017	32.3906154792
107.441665017	32.3906154792
107.54775527	32.4086406593
107.54775527	32.4086406593
107.645482459	32.3944452372
107.645482459	32.3944452372
107.705895023	32.3410954483
107.705895023	32.3410954483
107.718151844	32.3218209321
107.718151844	32.3218209321
107.769085788	32.2416945705
107.769085788	32.2416945705
107.880113777	32.1824445173
107.880113777	32.1824445173
107.905190639	32.1449469134
107.905190639	32.1449469134
107.953298337	32.1532101268
107.953298337	32.1532101268
107.957903272	32.174595936
107.957903272	32.174595936
108.013001891	32.2282082463
108.013001891	32.2282082463
108.058990597	32.2372624349
108.058990597	32.2372624349
108.108853862	32.2277761053
108.108853862	32.2277761053
108.186802062	32.2472603721
108.186802062	32.2472603721
108.192220541	32.2715696587
108.192220541	32.2715696587
108.193360547	32.2766518659
108.193360547	32.2766518659
108.265280631	32.284423423
108.265280631	32.284423423
108.294665476	32.2425161659
108.294665476	32.2425161659
108.368703349	32.2511615135
108.368703349	32.2511615135
108.454488996	32.263537836
108.454488996	32.263537836
108.448009899	32.2288461804
108.448009899	32.2288461804
108.502066294	32.2028341312
> -L"20"
108.502066294	32.2028341312
108.432997275	32.1803458289
108.432997275	32.1803458289
108.385091316	32.1792213735
108.385091316	32.1792213735
108.382216306	32.1447911318
108.382216306	32.1447911318
108.415679525	32.1254434741
108.415679525	32.1254434741
108.42786846	32.0921566476
108.42786846	32.0921566476
108.428816535	32.0613413008
108.428816535	32.0613413008
108.390233857	32.06605914
108.390233857	32.06605914
108.353407399	32.0518864022
108.353407399	32.0518864022
108.335194716	32.0277821193
108.335194716	32.0277821193
108.35493424	31.9957749904
108.35493424	31.9957749904
108.339907857	31.9697834868
108.339907857	31.9697834868
108.296183913	31.9837410433
108.296183913	31.9837410433
108.265738838	31.9634753865
108.265738838	31.9634753865
108.269926133	31.931231339
108.269926133	31.931231339
108.283871881	31.9034461646
108.283871881	31.9034461646
108.306315164	31.8736971713
108.306315164	31.8736971713
108.332092837	31.84941456
108.332092837	31.84941456
108.36180386	31.8351848737
108.36180386	31.8351848737
108.395627186	31.8126078116
108.395627186	31.8126078116
108.430775935	31.803338937
108.430775935	31.803338937
108.452232185	31.7804713006
108.452232185	31.7804713006
108.489447633	31.7683894186
108.489447633	31.7683894186
108.521623781	31.7476442124
108.521623781	31.7476442124
108.519866703	31.716852832
108.519866703	31.716852832
108.519524068	31.6777545964
108.519524068	31.6777545964
108.499370426	31.6371332012
108.499370426	31.6371332012
108.457747175	31.6161635844
108.457747175	31.6161635844
108.414517725	31.6182054241
108.414517725	31.6182054241
108.380941305	31.5970889225
108.380941305	31.5970889225
108.381904435	31.5662483914
108.381904435	31.5662483914
108.340150137	31.5346536488
108.340150137	31.5346536488
108.318710233	31.504133266
108.318710233	31.504133266
108.291225297	31.4902618353
108.291225297	31.4902618353
108.244307765	31.49229815
108.244307765	31.49229815
108.202554568	31.4845814375
108.202554568	31.4845814375
108.208467879	31.4582724455
108.208467879	31.4582724455
108.207306543	31.4246947178
108.207306543	31.4246947178
108.196654778	31.3967675517
108.196654778	31.3967675517
108.167541838	31.3782875811
108.167541838	31.3782875811
108.162202376	31.3484404547
108.162202376	31.3484404547
108.170642223	31.3147290302
108.170642223	31.3147290302
108.13983432	31.2888938849
108.13983432	31.2888938849
108.096381265	31.2687340509
108.096381265	31.2687340509
108.06900336	31.2543459032
108.06900336	31.2543459032
108.035357836	31.2464710555
108.035357836	31.2464710555
108.045814276	31.2039920003
108.045814276	31.2039920003
108.08177208	31.1929619651
108.08177208	31.1929619651
108.065878068	31.164156003
108.065878068	31.164156003
108.049028505	31.1408831022
108.049028505	31.1408831022
108.024119304	31.1130996486
108.024119304	31.1130996486
108.008796394	31.0851934729
108.008796394	31.0851934729
108.03761366	31.0618255804
108.03761366	31.0618255804
108.016957695	31.0321474727
108.016957695	31.0321474727
107.988983162	31.0080704926
107.988983162	31.0080704926
107.938356968	30.9920681353
107.938356968	30.9920681353
107.917776257	30.9637480799
107.917776257	30.9637480799
107.920352352	30.9231938135
107.920352352	30.9231938135
107.950819346	30.9067296738
107.950819346	30.9067296738
107.940853673	30.8778258216
107.940853673	30.8778258216
107.919221717	30.848589937
107.919221717	30.848589937
107.884516183	30.8287003654
107.884516183	30.8287003654
107.856107623	30.8036730517
107.856107623	30.8036730517
107.810498491	30.7953932926
107.810498491	30.7953932926
107.766306491	30.814261271
107.766306491	30.814261271
107.75927199	30.8428905529
107.75927199	30.8428905529
107.744377392	30.8780435059
107.744377392	30.8780435059
107.698114201	30.867668105
107.698114201	30.867668105
107.665662839	30.8497570102
107.665662839	30.8497570102
107.628395613	30.831660351
107.628395613	30.831660351
107.595721421	30.8439164044
107.595721421	30.8439164044
107.565683541	30.8561416144
107.565683541	30.8561416144
107.527088414	30.8681996552
107.527088414	30.8681996552
107.515660138	30.8383462169
107.515660138	30.8383462169
107.490978808	30.7977683732
107.490978808	30.7977683732
107.462087416	30.7638901746
107.462087416	30.7638901746
107.439659279	30.7410176653
107.439659279	30.7410176653
107.431375804	30.7014539154
107.431375804	30.7014539154
107.452766318	30.6731990893
107.452766318	30.6731990893
107.492657194	30.6471021791
107.492657194	30.6471021791
107.491842565	30.6190014325
107.491842565	30.6190014325
107.466311973	30.5975325425
107.466311973	30.5975325425
107.446565732	30.5750934597
107.446565732	30.5750934597
107.430509302	30.5498614308
107.430509302	30.5498614308
107.400853985	30.5053850151
107.400853985	30.5053850151
107.369821082	30.4848280319
107.369821082	30.4848280319
107.341557897	30.4444498457
107.341557897	30.4444498457
107.327630008	30.4145718918
107.327630008	30.4145718918
107.305232288	30.3773697296
107.305232288	30.3773697296
107.287666904	30.352117208
107.287666904	30.352117208
107.264823906	30.3209010162
107.264823906	30.3209010162
107.248247867	30.2841064934
107.248247867	30.2841064934
107.236563455	30.234657541
107.236563455	30.234657541
107.189388898	30.2037189983
107.189388898	30.2037189983
107.167658107	30.1729295206
107.167658107	30.1729295206
107.138086257	30.1421685996
107.138086257	30.1421685996
107.105395481	30.115105578
107.105395481	30.115105578
107.076926864	30.0870849772
107.076926864	30.0870849772
107.054221141	30.055348182
107.054221141	30.055348182
107.017420042	30.0338056446
107.017420042	30.0338056446
106.988120426	30.0472857908
106.988120426	30.0472857908
106.944612718	30.0543354054
106.944612718	30.0543354054
106.908383749	30.0318346957
106.908383749	30.0318346957
106.869844523	30.0385794539
106.869844523	30.0385794539
106.806671822	30.027443443
106.806671822	30.027443443
106.776809804	30.0381003916
106.776809804	30.0381003916
106.748515495	30.0524379128
106.748515495	30.0524379128
106.709206802	30.0732379275
106.709206802	30.0732379275
106.674849977	30.1094222787
106.674849977	30.1094222787
106.679321853	30.1530493032
106.679321853	30.1530493032
106.657796794	30.1765817262
106.657796794	30.1765817262
106.62838173	30.2065659388
106.62838173	30.2065659388
106.633892326	30.2454306024
106.633892326	30.2454306024
106.622040865	30.2761952157
106.622040865	30.2761952157
106.597317113	30.2969416506
106.597317113	30.2969416506
106.547380949	30.2849433839
106.547380949	30.2849433839
106.466704837	30.2868898732
106.466704837	30.2868898732
106.437605534	30.2414965346
106.437605534	30.2414965346
106.401357854	30.2382100623
106.401357854	30.2382100623
106.356731352	30.2289022403
106.356731352	30.2289022403
106.327373424	30.2099299593
106.327373424	30.2099299593
106.290702803	30.1858604871
106.290702803	30.1858604871
106.242347289	30.195405151
106.242347289	30.195405151
106.205537639	30.2022040244
106.205537639	30.2022040244
106.195944693	30.2284545202
106.195944693	30.2284545202
106.183182393	30.2533085201
106.183182393	30.2533085201
106.1856582	30.2823674055
106.1856582	30.2823674055
106.175983701	30.3178308313
106.175983701	30.3178308313
106.133354626	30.3204362078
106.133354626	30.3204362078
106.094964824	30.3188925274
106.094964824	30.3188925274
106.063302181	30.3335039353
106.063302181	30.3335039353
106.034220127	30.3531914046
106.034220127	30.3531914046
106.006626491	30.3825584888
106.006626491	30.3825584888
105.97309287	30.3630178617
105.97309287	30.3630178617
105.937670542	30.3831084423
105.937670542	30.3831084423
105.906003491	30.391686279
105.906003491	30.391686279
105.868140833	30.387306141
105.868140833	30.387306141
105.83683921	30.4106132385
105.83683921	30.4106132385
105.79976327	30.4311094839
105.79976327	30.4311094839
105.778957388	30.4079131328
105.778957388	30.4079131328
105.767154644	30.3783309084
105.767154644	30.3783309084
105.753232134	30.3510325375
105.753232134	30.3510325375
105.726132145	30.3277778247
105.726132145	30.3277778247
105.714861362	30.3004897028
105.714861362	30.3004897028
105.729920074	30.2706321116
105.729920074	30.2706321116
105.695894737	30.258389798
105.695894737	30.258389798
105.658929425	30.2714671796
105.658929425	30.2714671796
105.62334151	30.2591881665
105.62334151	30.2591881665
105.631564102	30.2311263864
105.631564102	30.2311263864
105.657648014	30.2036721733
105.657648014	30.2036721733
105.62413875	30.1950950563
105.62413875	30.1950950563
105.5915617	30.1952800612
105.5915617	30.1952800612
105.55043639	30.2069072059
105.55043639	30.2069072059
105.548196382	30.1782975538
105.548196382	30.1782975538
105.549175491	30.143713138
105.549175491	30.143713138
105.584318615	30.1463291247
105.584318615	30.1463291247
105.586764567	30.1191390475
105.586764567	30.1191390475
105.620577954	30.100520598
105.620577954	30.100520598
105.649086142	30.0855336506
105.649086142	30.0855336506
105.69249469	30.0512824653
105.69249469	30.0512824653
105.725090895	30.0436925495
105.725090895	30.0436925495
105.750517858	30.0189685727
105.750517858	30.0189685727
105.751404445	29.9862215546
105.751404445	29.9862215546
105.734944476	29.9584156312
105.734944476	29.9584156312
105.714978607	29.9176630471
105.714978607	29.9176630471
105.721068331	29.8872553643
105.721068331	29.8872553643
105.721563869	29.8305605833
105.721563869	29.8305605833
105.65847812	29.8258513626
105.65847812	29.8258513626
105.616738428	29.8176613299
105.616738428	29.8176613299
105.603016088	29.7861582906
105.603016088	29.7861582906
105.598879603	29.7408905813
105.598879603	29.7408905813
105.558628374	29.7428426911
105.558628374	29.7428426911
105.543884247	29.7117851514
105.543884247	29.7117851514
105.509385977	29.7142358327
105.509385977	29.7142358327
105.472040731	29.695873036
105.472040731	29.695873036
105.450936593	29.6739705839
105.450936593	29.6739705839
105.421468154	29.6898323719
105.421468154	29.6898323719
105.387696183	29.644700675
105.387696183	29.644700675
105.351653741	29.6129236101
105.351653741	29.6129236101
105.326168804	29.5747839315
105.326168804	29.5747839315
105.309537631	29.5385803579
105.309537631	29.5385803579
105.339509436	29.5222880579
105.339509436	29.5222880579
105.371538963	29.5060072365
105.371538963	29.5060072365
105.406518956	29.5012910366
105.406518956	29.5012910366
105.417849151	29.474623018
105.417849151	29.474623018
105.408400744	29.4449631033
105.408400744	29.4449631033
105.41042971	29.4126534946
105.41042971	29.4126534946
105.434729056	29.3874994529
105.434729056	29.3874994529
105.433649416	29.3542222418
105.433649416	29.3542222418
105.412794188	29.3225967635
105.412794188	29.3225967635
105.48931092	29.2776197583
105.48931092	29.2776197583
105.52481322	29.2650199729
105.52481322	29.2650199729
105.571499813	29.2714538305
105.571499813	29.2714538305
105.638369604	29.2693279818
105.638369604	29.2693279818
105.649282382	29.2397770789
105.649282382	29.2397770789
105.710759604	29.2607619269
105.710759604	29.2607619269
105.703599164	29.2129484667
105.703599164	29.2129484667
105.70600014	29.183393407
105.70600014	29.183393407
105.713613795	29.152950781
105.713613795	29.152950781
105.718589471	29.1247955719
105.718589471	29.1247955719
105.731179946	29.0643425562
105.731179946	29.0643425562
105.759418623	29.0400556751
105.759418623	29.0400556751
105.749885558	29.0113223822
105.749885558	29.0113223822
105.786275667	28.9482483404
105.786275667	28.9482483404
105.79688171	28.921970152
105.79688171	28.921970152
105.832768012	28.9037174846
105.832768012	28.9037174846
105.87630799	28.8947547833
105.87630799	28.8947547833
105.911507783	28.8917340692
105.911507783	28.8917340692
105.919030463	28.918137424
105.919030463	28.918137424
105.950463113	28.9345020892
105.950463113	28.9345020892
105.983952688	28.9527200032
105.983952688	28.9527200032
106.012010648	28.9385352688
106.012010648	28.9385352688
106.043154319	28.9252823945
106.043154319	28.9252823945
106.062501626	28.8976315666
106.062501626	28.8976315666
106.099767832	28.892711656
106.099767832	28.892711656
106.140601468	28.8998208664
106.140601468	28.8998208664
106.176304749	28.8958002866
106.176304749	28.8958002866
106.21419988	28.8686488639
106.21419988	28.8686488639
106.253123765	28.8410304441
106.253123765	28.8410304441
106.257408104	28.8095929611
106.257408104	28.8095929611
106.250314318	28.7790487695
106.250314318	28.7790487695
106.272648384	28.7527475386
106.272648384	28.7527475386
106.294957889	28.7292220385
106.294957889	28.7292220385
106.30606613	28.6903741846
106.30606613	28.6903741846
106.310989601	28.6599331005
106.310989601	28.6599331005
106.314647908	28.6304036795
106.314647908	28.6304036795
106.326351094	28.6044818468
106.326351094	28.6044818468
106.328971998	28.5766990891
106.328971998	28.5766990891
106.324006706	28.5420913143
106.324006706	28.5420913143
106.37760352	28.521749242
