  105.47507   23.91873    35.74   -9.21     0.17    0.10 -0.219     BANB*
  105.07626   23.71116    35.67   -9.21     0.14    0.10 -0.162     SHUG 
  104.69845   23.12638    34.69   -9.29     0.13    0.11 -0.194     MALP 
  104.40717   28.61141    37.74   -6.99     0.14    0.17  0.452     SHFU*
  104.39553   26.49960    34.68   -7.40     0.11    0.10  0.423     LEFE*
  104.29032   24.61934    35.47   -8.39     0.11    0.08  0.043     WULO*
  104.04598   24.30010    33.99   -7.71     0.15    0.12 -0.119     GUAZ 
  103.74696   27.26343    35.08   -7.60     0.14    0.15  0.172     ZHTO 
  103.67356   22.99353    34.48  -10.99     0.25    0.23  0.038     PBIN*
  103.41817   24.10730    35.00   -9.88     0.16    0.14 -0.019     ZHUY 
  103.40999   25.38509    33.88  -10.29     0.10    0.09  0.111     JIUX 
  103.27779   24.76776    34.46  -11.70     0.15    0.13  0.007     SHIL 
  102.93109   26.91614    35.53  -12.84     0.15    0.16  0.112     QIJI 
  102.46933   25.55880    31.89  -16.10     0.15    0.13  0.016     LQUA 
  102.40999   24.17100    29.45  -15.48     0.09    0.09 -0.023     ESHA*
  102.17363   26.00288    34.43  -16.31     0.08    0.09  0.022     WAND*
  102.08934   24.31117    28.67  -16.12     0.10    0.09 -0.025     FULP 
  101.99744   23.60257    30.25  -15.19     0.11    0.10  0.005     YUAJ 
  101.87103   25.72186    30.59  -12.28     0.10    0.10 -0.019     YUAM 
  101.70926   21.24343    32.55  -11.16     0.11    0.15  0.005     MHAN*
  101.27544   26.62605    35.38  -16.47     0.15    0.16 -0.016     HUPI 
  101.14403   25.24296    27.61  -15.58     0.09    0.08 -0.085     SHAQ*
  101.10680   24.00438    28.41  -15.36     0.11    0.10  0.055     ZYUA 
  100.73022   23.50540    27.18  -20.10     0.17    0.15  0.134     JIGU*
  100.55899   25.48764    29.89  -15.41     0.11    0.09 -0.119     XYUN 
  100.22150   26.89086    31.18  -18.67     0.14    0.14 -0.195     LJGC 
  100.20478   27.79997    35.49  -17.74     0.22    0.23 -0.067     LUOJ 
   99.81471   23.48128    25.02  -12.78     0.17    0.15  0.067     SJIA 
   99.80514   28.46929    39.48  -15.99     0.30    0.28 -0.213     WENS 
   99.45441   22.73420    25.44  -11.41     0.13    0.11  0.311     MEKA*
   99.43349   26.19975    25.61  -15.89     0.13    0.11 -0.223     BAIS 
   99.27762   27.17201    31.22  -13.93     0.24    0.22 -0.107     WEIX 
   99.25390   24.02755    24.56  -12.03     0.22    0.18 -0.056     YODE 
   99.24422   25.19345    25.32  -13.51     0.15    0.11 -0.106     YNBS*
   99.12867   25.66163    24.66  -14.89     0.16    0.12 -0.143     CJIA 
   98.86739   26.90699    28.04  -12.90     0.29    0.25 -0.143     FGON 
   98.62110   28.01865    34.47  -11.47     0.17    0.17 -0.257     BZLU 
   98.11449   24.47308    21.52   -8.71     0.19    0.15  0.010     WAZS 
  97.65586    24.61551    21.15   -7.80     0.18    0.10  0.011     TOBG*
  105.15855   23.36137    34.19   -8.62     0.14    0.11 -0.193     DONG 
  104.24869   23.41314    32.61  -10.83     0.14    0.12 -0.116     YNWS 
  104.24477   25.68261    34.96  -10.90     0.12    0.09  0.164     FUYU 
  104.19507   24.04071    36.44   -9.24     0.11    0.09 -0.084     QIUB 
  104.06492   27.63544    32.84   -5.32     0.15    0.16  0.178     YILI 
  103.75405   23.76417    34.61  -10.93     0.15    0.13 -0.059     PINY 
  103.65788   25.03921    34.03   -9.40     0.10    0.09  0.066     LULI 
  103.17641   24.42434    33.35   -9.98     0.13    0.11 -0.009     XIER 
  102.90917   24.67650    32.65  -14.61     0.09    0.08  0.026     CHEJ 
  102.83558   25.19741    33.32  -17.89     0.17    0.15  0.009     XIAH 
  102.14595   23.91995    29.23  -15.82     0.10    0.09 -0.007     YANW 
  101.84774   23.41919    29.47  -14.27     0.10    0.10  0.015     YINY 
  101.65553   26.02353    33.35  -17.17     0.10    0.10 -0.047     YONR 
  101.57876   24.04732    29.43  -16.25     0.14    0.12  0.046     GASA 
  101.54544   25.31612    31.34  -16.51     0.10    0.09 -0.033     MOUD 
  101.30048   21.29681    32.56  -11.24     0.14    0.15  0.105     MMAN 
  100.98017   26.99630    34.83  -15.78     0.13    0.14 -0.111     PAMP 
  100.66240   27.75420    35.41  -19.15     0.14    0.15 -0.151     YONN 
  100.55350   25.02262    34.49  -16.21     0.14    0.13 -0.073     NJIA 
  100.46628   24.21141    27.05  -16.19     0.31    0.27 -0.032     LSHU 
  100.07197   27.05012    31.53  -18.91     0.18    0.16 -0.232     DQKF 
   99.96021   26.11855    29.87  -16.11     0.16    0.15 -0.113     EYUA 
   99.69799   27.82314    36.79  -12.87     0.28    0.25 -0.197     YNZD 
   99.58087   22.16256    26.73  -10.89     0.14    0.13  0.236     MXIN 
   99.53863   25.46606    25.28  -14.85     0.23    0.20 -0.044     DLYP 
   99.30210   28.24351    35.46  -15.87     0.27    0.26  0.051     BEZL 
   98.88621   26.40050    25.56  -13.62     0.21    0.15 -0.226     GDEN 
   98.69616   24.59243    24.19  -13.06     0.16    0.12 -0.018     LONL 
   98.66583   27.74418    34.77  -11.68     0.22    0.20 -0.192     GSHA 
  104.67173   23.43636    36.65   -8.49     0.12    0.10 -0.216     XICU 
  104.34375   27.48907    35.19   -7.13     0.13    0.14  0.249     SHLI 
  104.09291   26.21623    34.67   -8.45     0.11    0.10  0.220     XUAW 
  104.06251   23.00836    36.21  -11.29     0.14    0.13 -0.067     BAZH 
  103.99921   24.83062    34.69  -10.96     0.11    0.09  0.037     SHIZ 
  103.83447   25.75306    34.68   -9.70     0.18    0.17  0.132     PANJ 
  103.62348   28.23301    55.04  -12.28     0.13    0.16  0.187     YOSH 
  103.31345   27.41037    35.06   -8.41     0.13    0.15  0.131     DSBA 
  102.83551   23.22337    33.78  -11.82     0.17    0.16  0.007     YUAY 
  102.59408   24.67391    32.88  -16.59     0.13    0.12  0.005     JINN 
  102.24173   22.80761    32.31  -14.08     0.18    0.17 -0.026     QIMB 
  102.16738   24.67266    31.16  -17.37     0.10    0.09 -0.036     YIME 
  101.71604   23.84904    28.42  -16.58     0.13    0.11  0.043     MOSA 
  101.63546   24.68862    29.30  -16.66     0.09    0.08 -0.007     SHUB 
  101.63212   23.02284    30.82  -12.62     0.12    0.11  0.033     WEWU 
  101.48120   21.56048    31.08  -12.35     0.13    0.14  0.120     YNME 
  101.44245   26.25263    33.95  -16.48     0.19    0.19 -0.028     WANM 
  101.30864   25.74215    32.66  -16.73     0.09    0.09 -0.082     DAYA 
  100.93114   22.37118    29.50  -12.77     0.11    0.11  0.141     DDGA 
  100.62439   26.30905    31.53  -14.77     0.11    0.11 -0.146     QINA 
  100.58487   25.83974    30.92  -14.58     0.11    0.10 -0.129     BCHU 
  100.39981   27.15091    34.28  -17.62     0.14    0.16 -0.145     DADO 
  100.04330   27.50599    32.57  -17.86     0.19    0.19 -0.125     SANB 
   99.92209   26.50188    29.59  -19.62     0.18    0.17 -0.171     JCHU 
   99.63248   24.52682    26.64  -13.55     0.15    0.12 -0.016     MENT 
   99.07471   23.55486    25.60  -11.70     0.17    0.14  0.078     MDIN 
   99.02603   28.94113    39.18   -9.58     0.43    0.38 -0.043     YANL 
   98.93617   28.07711    30.47  -12.52     0.35    0.28  0.043     YANM 
   98.86106   25.81652    27.70  -14.00     0.22    0.17 -0.003     LIKU 
   97.84594   24.01524    21.25   -7.29     0.17    0.12  0.083     RULI 
