> 63
99.29536 25.49541
99.33868 25.45109
99.37705 25.39735
99.41819 25.32954
99.46503 25.29627
99.50883 25.23855
99.54289 25.1853
99.58959 25.13588
99.63837 25.09381
99.68495 25.03631
99.72152 24.99401
99.76804 24.9526
99.82529 24.91391
99.87518 24.87724
99.92731 24.85504
99.99144 24.84191
100.0604 24.83006
100.1307 24.82453
100.2066 24.82212
100.2595 24.82663
100.3201 24.82552
100.3613 24.82631
100.3906 24.82609
100.4237 24.81903
100.4739 24.76785
100.5079 24.70819
100.5257 24.66682
100.5333 24.6264
100.5611 24.55821
100.5626 24.50124
100.5595 24.45728
100.5615 24.41286
100.5497 24.36642
100.5258 24.31273
100.5036 24.25206
100.4629 24.18719
100.4323 24.13116
100.3877 24.05792
100.3581 24.00287
100.3347 23.93765
100.3127 23.87702
100.2975 23.82765
100.2743 23.7785
100.2574 23.73522
100.2437 23.69845
100.2307 23.6564
100.2213 23.61734
100.2113 23.58357
100.1996 23.53897
100.1959 23.51109
100.2014 23.46443
100.1779 23.36816
100.1813 23.29647
100.1887 23.21538
100.1937 23.12966
100.1976 23.07938
100.2045 23.02849
100.2251 22.96991
100.2411 22.91716
100.2537 22.88454
100.2693 22.85217
100.2756 22.8403
100.2786 22.83967
> 42
100.2627 23.13207
100.2685 23.08995
100.2802 23.02348
100.286 22.96452
100.2936 22.88975
100.3156 22.80915
100.3536 22.76185
100.3855 22.73177
100.4134 22.71198
100.4196 22.69211
100.4298 22.67171
100.4533 22.65508
100.4745 22.64093
100.4888 22.62795
100.5005 22.60236
100.5134 22.58395
100.5566 22.55745
100.5882 22.53883
100.6336 22.50098
100.6791 22.46311
100.7158 22.4325
100.7544 22.40203
100.8155 22.36363
100.8613 22.33903
100.9224 22.30768
100.9757 22.2854
101.0272 22.27092
101.0493 22.26559
101.0762 22.2518
101.1045 22.22484
101.1518 22.19318
101.1878 22.16768
101.2581 22.1307
101.3064 22.10702
101.3508 22.0839
101.4222 22.05398
101.4645 22.04126
101.512 22.02451
101.5488 22.00782
101.5934 21.99169
101.6212 21.98581
101.6321 21.98483
> 11
101.3128 22.1022
101.2826 22.08221
101.2485 22.07164
101.2061 22.05686
101.1774 22.03254
101.1414 22.01294
101.1066 21.99077
101.0687 21.97099
101.0402 21.96344
101.021 21.94248
101.021 21.94248
> 15
101.5204 22.65127
101.4731 22.62296
101.4483 22.60605
101.4197 22.57911
101.3841 22.56226
101.3458 22.54254
101.2942 22.52001
101.2619 22.50957
101.2304 22.49121
101.1847 22.47794
101.1462 22.4714
101.132 22.46587
101.111 22.46068
101.0806 22.45121
101.0818 22.44954
> 18
96.57249 28.03019
96.5378 28.07499
96.49467 28.1197
96.45416 28.16109
96.40032 28.21267
96.33269 28.25806
96.27443 28.30999
96.23088 28.36185
96.18922 28.40849
96.15111 28.44015
96.06484 28.5122
95.99244 28.57049
95.91935 28.62594
95.86517 28.65739
95.80424 28.67257
95.72616 28.69466
95.66959 28.71484
95.66959 28.71484
> 25
99.21428 22.38851
99.25362 22.39585
99.29284 22.41203
99.32957 22.4324
99.36936 22.45215
99.40311 22.47309
99.43418 22.49199
99.46635 22.5101
99.49873 22.52645
99.53201 22.54376
99.56723 22.56124
99.60571 22.57634
99.64626 22.59074
99.6721 22.59667
99.70228 22.60743
99.74406 22.62811
99.77773 22.64271
99.83113 22.6653
99.86441 22.68339
99.89759 22.70234
99.9206 22.71594
99.93689 22.72804
99.95969 22.74339
99.9837 22.75706
99.98359 22.75794
> 15
99.72518 22.74347
99.72016 22.72793
99.7093 22.71185
99.69606 22.69112
99.68034 22.67459
99.66279 22.65701
99.65098 22.64084
99.63041 22.62386
99.62002 22.61226
99.60313 22.59739
99.58788 22.58533
99.57275 22.57239
99.56118 22.56244
99.55189 22.55803
99.55189 22.55803
> 18
100.1205 21.94116
100.1552 21.9619
100.2048 21.98924
100.2592 22.01697
100.3176 22.03618
100.3697 22.05923
100.4196 22.07588
100.4806 22.08106
100.5205 22.09151
100.5593 22.09389
100.6198 22.12193
100.6792 22.14102
100.7329 22.16048
100.7832 22.18318
100.8238 22.19622
100.8702 22.21059
100.8871 22.21726
100.8871 22.21726
> 16
100.8633 22.20207
100.8532 22.16941
100.8431 22.12703
100.8419 22.1013
100.8276 22.07097
100.8147 22.04605
100.7996 22.0236
100.7848 21.99765
100.7737 21.97376
100.7398 21.90913
100.7244 21.88047
100.7087 21.84561
100.6951 21.81887
100.6878 21.77852
100.6752 21.74216
100.6731 21.71726
> 19
100.3885 22.61945
100.4286 22.58653
100.4716 22.55384
100.5167 22.51955
100.5505 22.49847
100.5872 22.47675
100.6133 22.44527
100.6449 22.42576
100.6712 22.41022
100.7051 22.37762
100.7286 22.35123
100.7494 22.33169
100.7663 22.31096
100.7847 22.28592
100.7866 22.26838
100.7924 22.25115
100.7948 22.22923
100.7957 22.2125
100.7943 22.18851
> 8
100.7296 22.35131
100.7677 22.34381
100.8027 22.31923
100.8382 22.29911
100.8567 22.28115
100.8734 22.26303
100.8875 22.25002
100.8905 22.24053
> 11
100.1296 22.86576
100.1575 22.83804
100.2055 22.78988
100.2566 22.75706
100.2961 22.73032
100.3329 22.70955
100.3656 22.6822
100.3987 22.65932
100.4223 22.64182
100.4385 22.62902
100.4599 22.61399
> 12
99.94912 22.95718
99.97158 22.93433
100.0049 22.90269
100.0415 22.86865
100.0799 22.83566
100.1161 22.79626
100.1571 22.74841
100.1998 22.71135
100.2339 22.68061
100.2595 22.65447
100.277 22.63116
100.2833 22.61929
> 12
99.80351 23.07551
99.80595 23.0553
99.82195 23.02922
99.84248 22.99822
99.86351 22.96282
99.89015 22.92172
99.91691 22.88773
99.93459 22.86358
99.95842 22.83731
99.98043 22.81798
100.004 22.80233
100.0318 22.78351
> 16
100.0115 22.77195
100.026 22.74929
100.0503 22.71862
100.0764 22.68901
100.1009 22.64772
100.1172 22.61812
100.1405 22.59535
100.1703 22.56694
100.2054 22.53544
100.2307 22.51195
100.2608 22.48089
100.2865 22.45388
100.3117 22.43125
100.3366 22.41037
100.3575 22.39091
100.3633 22.38256
> 22
99.95659 22.79456
99.97886 22.76461
100.0092 22.72474
100.0342 22.67995
100.0522 22.64342
100.0711 22.59988
100.0841 22.55583
100.0968 22.51441
100.1081 22.47642
100.1199 22.43493
100.1491 22.38612
100.1871 22.34606
100.216 22.32467
100.2601 22.28247
100.2962 22.24931
100.3373 22.2148
100.3619 22.19656
100.3953 22.16934
100.4146 22.13737
100.4507 22.10329
100.4871 22.07542
100.5077 22.05683
> 10
99.41284 23.32828
99.43008 23.30944
99.4788 23.28467
99.51834 23.26169
99.56995 23.23715
99.61205 23.20905
99.64435 23.18803
99.67228 23.17015
99.69411 23.1535
99.69411 23.1535
> 13
99.63539 23.16409
99.66756 23.14395
99.7168 23.1298
99.76382 23.10921
99.80779 23.08922
99.87202 23.05682
99.908 23.03697
99.9343 23.01534
99.95853 22.99442
99.98047 22.97596
100.0026 22.95573
100.0262 22.94007
100.0326 22.92733
> 17
99.36379 24.65996
99.37173 24.61336
99.37444 24.57609
99.38036 24.54539
99.39091 24.50172
99.40955 24.44185
99.41688 24.39969
99.42045 24.37146
99.42072 24.32954
99.42286 24.28869
99.42126 24.23768
99.42066 24.18678
99.41765 24.13119
99.42641 24.06959
99.42854 24.02075
99.42562 23.98838
99.41597 23.97767
> 12
98.8323 23.65126
98.89109 23.67402
98.95918 23.70212
99.03859 23.75088
99.12619 23.79859
99.18349 23.82639
99.2691 23.85953
99.30852 23.87931
99.37043 23.90298
99.40233 23.91935
99.41746 23.92612
99.41746 23.92612
> 36
98.92745 23.58675
98.95499 23.60461
99.0098 23.63493
99.0623 23.67568
99.13776 23.70883
99.188 23.73683
99.25401 23.77433
99.29971 23.80719
99.33416 23.83451
99.37171 23.86122
99.43568 23.91624
99.46572 23.93954
99.53606 24.00044
99.58464 24.05217
99.6405 24.09385
99.68597 24.13098
99.7316 24.17525
99.78884 24.22322
99.83105 24.2716
99.86192 24.30646
99.89185 24.34927
99.91074 24.38395
99.93301 24.40734
99.95995 24.4338
99.9891 24.45868
100.0138 24.47869
100.0518 24.51414
100.074 24.56426
100.0965 24.60282
100.1406 24.63876
100.192 24.68872
100.2278 24.71856
100.2561 24.7433
100.2777 24.76567
100.3208 24.79343
100.3215 24.79617
> 17
99.99584 24.46105
99.99892 24.4185
99.97655 24.37906
99.95462 24.33609
99.93813 24.29807
99.91283 24.25837
99.89659 24.21858
99.86868 24.17597
99.83444 24.13636
99.80894 24.10733
99.78336 24.07918
99.75031 24.04678
99.7252 24.02312
99.70396 24.00069
99.6835 23.98011
99.66756 23.96351
99.66656 23.96342
> 23
99.70287 23.95247
99.67363 23.92218
99.63641 23.89205
99.5845 23.84363
99.55489 23.80883
99.5333 23.77387
99.51305 23.74438
99.50013 23.72003
99.49127 23.69516
99.46689 23.66706
99.43028 23.63336
99.40201 23.59687
99.36819 23.55719
99.3429 23.52898
99.31152 23.49396
99.2879 23.46857
99.25343 23.42702
99.23454 23.39585
99.20721 23.35319
99.19357 23.32785
99.18069 23.30437
99.17204 23.28664
99.16488 23.28061
> 53
98.73191 27.75807
98.75848 27.70926
98.77996 27.63651
98.80194 27.56742
98.8225 27.50092
98.84344 27.43896
98.85627 27.37534
98.86829 27.30984
98.87366 27.24731
98.87355 27.18698
98.87452 27.11865
98.87422 27.05201
98.88288 26.98804
98.88757 26.9381
98.8941 26.86676
98.89739 26.80411
98.89055 26.7324
98.8918 26.66957
98.88958 26.60192
98.88383 26.53755
98.87821 26.47229
98.8784 26.40222
98.86771 26.35177
98.85186 26.30172
98.84896 26.25472
98.8457 26.22566
98.84118 26.18302
98.83228 26.14264
98.82296 26.09773
98.81557 26.03865
98.8131 25.99623
98.81848 25.95636
98.82553 25.88885
98.83138 25.8302
98.83212 25.79439
98.83338 25.74698
98.83414 25.66544
98.8396 25.62473
98.84122 25.57468
98.84479 25.5329
98.8503 25.46891
98.84229 25.42242
98.8373 25.37623
98.83874 25.33517
98.84477 25.29007
98.84338 25.23978
98.84782 25.1838
98.85631 25.12017
98.87279 25.07255
98.89977 25.01434
98.92365 24.96388
98.93526 24.92206
98.95132 24.89232
> 6
98.90802 24.91404
98.91669 24.8791
98.95155 24.82168
98.97852 24.76261
98.99984 24.71551
99.01286 24.68549
> 12
98.97709 24.95745
99.00461 24.90197
99.02804 24.83895
99.04633 24.77634
99.05713 24.72463
99.06681 24.67372
99.07517 24.61733
99.08314 24.57164
99.08926 24.54007
99.10073 24.49829
99.10665 24.46045
99.1094 24.43929
> 16
98.98586 25.2671
99.01973 25.22561
99.04354 25.16792
99.06978 25.10689
99.09779 25.03978
99.11804 24.98536
99.13262 24.95097
99.14226 24.93132
99.1511 24.88655
99.16863 24.82921
99.18489 24.78158
99.20201 24.73494
99.21632 24.6943
99.22582 24.6675
99.23355 24.63874
99.23423 24.63345
> 9
99.1494 24.47975
99.18784 24.50129
99.22614 24.53977
99.26637 24.57128
99.29967 24.60212
99.33851 24.63704
99.38367 24.6779
99.40909 24.70798
99.41793 24.71773
> 10
98.04443 24.2044
98.07853 24.22589
98.1098 24.24619
98.15841 24.27188
98.20779 24.29942
98.2691 24.33533
98.30109 24.36547
98.34488 24.39772
98.35307 24.40393
98.35294 24.40481
> 24
98.11203 24.24464
98.13257 24.23431
98.20739 24.24487
98.27615 24.24136
98.32227 24.23455
98.39104 24.2381
98.43645 24.24368
98.49869 24.25095
98.57674 24.25266
98.63809 24.25172
98.6925 24.25006
98.74162 24.25051
98.80132 24.26182
98.85101 24.27299
98.92358 24.30871
98.98586 24.33891
99.02773 24.36441
99.0794 24.39174
99.12299 24.41202
99.16327 24.43464
99.19135 24.45071
99.20528 24.47526
99.22321 24.49215
99.2252 24.49234
> 18
97.61948 24.04828
97.66745 24.07682
97.72816 24.10763
97.78306 24.15117
97.87715 24.20876
97.95986 24.26236
98.02451 24.30235
98.07546 24.33281
98.15866 24.37737
98.2231 24.41274
98.28982 24.44653
98.36675 24.47953
98.42686 24.51076
98.49996 24.55042
98.56939 24.58788
98.59956 24.6106
98.61315 24.62181
98.61315 24.62181
> 37
98.69974 25.90429
98.70629 25.86366
98.72213 25.79973
98.71576 25.74886
98.70625 25.67616
98.70082 25.61105
98.69299 25.56365
98.68401 25.50986
98.68327 25.47035
98.6794 25.43142
98.68588 25.38367
98.69476 25.31825
98.70422 25.27081
98.71056 25.22397
98.73181 25.16429
98.75431 25.11011
98.76206 25.07507
98.76955 25.01942
98.77043 24.9676
98.76108 24.89419
98.73111 24.84648
98.69736 24.80465
98.6665 24.76399
98.62796 24.72077
98.59959 24.69197
98.56105 24.66393
98.51235 24.63663
98.47301 24.61473
98.41999 24.57532
98.35361 24.53807
98.29412 24.5024
98.25253 24.47571
98.21346 24.45285
98.16932 24.42318
98.12794 24.39557
98.10924 24.38555
98.10837 24.38457
> 8
98.62132 24.6879
98.65511 24.7065
98.7019 24.73355
98.75533 24.76391
98.78859 24.78689
98.8224 24.81349
98.84859 24.83664
98.84947 24.83762
> 6
98.69947 24.66177
98.7328 24.68387
98.75367 24.70115
98.7869 24.72412
98.81711 24.73963
98.82262 24.74375
> 7
98.71684 24.48027
98.75594 24.50383
98.78496 24.52012
98.80679 24.53748
98.83163 24.55513
98.846 24.56816
98.84699 24.56826
> 6
98.83226 24.88334
98.8514 24.84586
98.86514 24.81859
98.87674 24.79201
98.88881 24.76189
98.89326 24.75875
> 9
98.7696 24.8834
98.78436 24.85624
98.80709 24.81466
98.82253 24.7822
98.8386 24.75248
98.85091 24.72061
98.8689 24.68394
98.87236 24.66551
98.87434 24.6657
> 6
98.84188 24.62943
98.86915 24.57581
98.88248 24.53601
98.90257 24.49063
98.91518 24.45614
98.91518 24.45614
> 19
97.68432 24.57407
97.7341 24.59921
97.81687 24.6476
97.88142 24.70381
97.9656 24.7576
98.0444 24.80717
98.15418 24.86711
98.23319 24.9094
98.29954 24.94136
98.36581 24.97417
98.42838 25.00476
98.49904 25.05047
98.53764 25.08662
98.58585 25.14163
98.60864 25.17527
98.62864 25.19967
98.65755 25.22585
98.68482 25.24918
98.68471 25.25006
> 10
98.4064 25.66126
98.43053 25.61976
98.43459 25.59058
98.4464 25.5568
98.4651 25.51745
98.47124 25.48041
98.47899 25.43906
98.48666 25.41295
98.48798 25.39605
98.48698 25.39595
> 11
98.56808 25.85797
98.56825 25.78979
98.5653 25.7222
98.57003 25.65808
98.57027 25.6043
98.56396 25.56869
98.56698 25.51698
98.57269 25.47542
98.57609 25.42825
98.5778 25.39347
98.5724 25.38844
> 70
100.367 25.55274
100.4042 25.51287
100.4482 25.45747
100.4791 25.41798
100.5163 25.37633
100.5529 25.32298
100.5897 25.27503
100.6304 25.22023
100.6735 25.17903
100.7235 25.12945
100.7561 25.09185
100.7955 25.05481
100.8305 25.02186
100.8622 24.99133
100.8978 24.9611
100.9465 24.92118
100.9838 24.875
101.0267 24.82389
101.0834 24.76493
101.1344 24.72068
101.1739 24.68
101.2204 24.63092
101.27 24.57048
101.3088 24.51635
101.342 24.47695
101.3858 24.43122
101.4307 24.38555
101.4569 24.35453
101.4907 24.31783
101.5122 24.28379
101.54 24.23685
101.5583 24.20436
101.5829 24.15897
101.6285 24.08396
101.6672 24.03604
101.7078 23.98914
101.7363 23.94315
101.7601 23.90395
101.8045 23.84842
101.8402 23.80916
101.8748 23.77071
101.9249 23.72623
101.9583 23.69924
101.9918 23.67136
102.0613 23.64061
102.1218 23.61988
102.1875 23.59768
102.2297 23.58098
102.2913 23.55845
102.3558 23.52632
102.4219 23.49692
102.529 23.46303
102.6092 23.42999
102.698 23.4001
102.7721 23.36834
102.8417 23.34159
102.9502 23.31005
103.0356 23.293
103.1121 23.27624
103.2001 23.25124
103.2616 23.23616
103.336 23.20849
103.397 23.17383
103.4661 23.12364
103.5302 23.08643
103.571 23.0435
103.6361 22.97797
103.6753 22.92962
103.684 22.91858
103.6841 22.9177
> 29
101.4412 24.38098
101.4789 24.36506
101.5091 24.32364
101.5564 24.26298
101.5935 24.22206
101.6336 24.17155
101.6684 24.11354
101.7126 24.06154
101.7711 24.00434
101.826 23.9433
101.8964 23.87534
101.9476 23.84068
102.0104 23.78815
102.08 23.74584
102.1366 23.70526
102.2217 23.64527
102.3084 23.60931
102.3649 23.57841
102.4473 23.55538
102.5763 23.52107
102.6581 23.49341
102.7817 23.45055
102.8848 23.41517
102.9642 23.3774
103.0428 23.33687
103.1207 23.30334
103.1785 23.27391
103.2153 23.24768
103.2153 23.24768
> 12
101.6417 27.17131
101.6242 27.13057
101.601 27.08494
101.5867 27.03365
101.5921 26.98197
101.596 26.94366
101.6231 26.88186
101.6659 26.83554
101.6871 26.80025
101.7137 26.76175
101.7443 26.72353
101.7775 26.68011
> 49
101.9955 26.85646
101.9931 26.81862
101.9893 26.77353
101.9793 26.71816
101.9734 26.67472
101.9715 26.63066
101.9634 26.57812
101.9702 26.53018
101.9695 26.48533
101.9628 26.42842
101.9567 26.3868
101.9547 26.3553
101.9482 26.31724
101.9465 26.26249
101.944 26.23545
101.9437 26.19782
101.9467 26.1461
101.9468 26.08344
101.9468 26.03152
101.9488 25.99049
101.9532 25.94605
101.9569 25.90872
101.9654 25.86368
101.9716 25.81132
101.9767 25.75891
101.9782 25.71251
101.9816 25.65731
101.985 25.59139
101.98 25.5392
101.9769 25.49789
101.9704 25.45097
101.9645 25.40769
101.962 25.37089
101.9563 25.33655
101.9499 25.2986
101.948 25.27703
101.955 25.22573
101.9695 25.17048
101.9791 25.13453
101.9906 25.0782
102.0023 25.01028
102.0069 24.96242
102.0067 24.92316
102.0109 24.88062
102.0087 24.84035
102.0097 24.81009
102.009 24.78597
102.0053 24.77234
102.0033 24.7722
> 22
102.2879 26.43658
102.2886 26.38646
102.2966 26.3019
102.3013 26.25296
102.3238 26.19891
102.3377 26.14879
102.3371 26.0691
102.3315 26.01953
102.332 25.96051
102.3307 25.89871
102.3345 25.85871
102.3388 25.79103
102.3439 25.73682
102.3494 25.71036
102.3564 25.64646
102.3602 25.59576
102.3644 25.55046
102.3582 25.51968
102.3432 25.46332
102.3245 25.42459
102.3165 25.40174
102.3165 25.40174
> 18
102.3479 25.38056
102.3507 25.35038
102.3522 25.30226
102.346 25.27062
102.3462 25.2251
102.3559 25.18646
102.3578 25.14463
102.3481 25.086
102.3281 25.04098
102.3117 25.00155
102.2981 24.9632
102.282 24.92022
102.2726 24.90265
102.2673 24.87288
102.2626 24.84849
102.2534 24.82827
102.2512 24.8201
102.2512 24.8201
> 27
102.909 27.14457
102.955 27.1966
102.999 27.2485
103.0585 27.3255
103.1025 27.37916
103.1393 27.4324
103.1757 27.49189
103.2049 27.5384
103.2209 27.55725
103.2653 27.59652
103.2904 27.61855
103.3097 27.64745
103.334 27.6802
103.3659 27.70887
103.4146 27.74742
103.463 27.77785
103.5039 27.79978
103.5569 27.82502
103.6111 27.8494
103.6588 27.87791
103.7133 27.91213
103.7539 27.93755
103.7843 27.96243
103.8324 27.99898
103.8672 28.02047
103.8829 28.03381
103.8868 28.0376
> 49
102.7127 27.0324
102.7474 27.00221
102.7574 26.95977
102.7836 26.90934
102.8044 26.84962
102.7795 26.77105
102.7384 26.70225
102.7213 26.64118
102.7206 26.59186
102.7282 26.50812
102.7105 26.44345
102.7019 26.40174
102.6956 26.34674
102.6819 26.28413
102.6705 26.22883
102.6658 26.16769
102.6717 26.10273
102.679 26.02266
102.6851 25.92108
102.6889 25.87839
102.6963 25.83057
102.6964 25.76174
102.6911 25.70779
102.6962 25.65091
102.7142 25.60824
102.7426 25.5403
102.7484 25.48706
102.7507 25.42648
102.7479 25.37899
102.7466 25.33606
102.737 25.25157
102.7233 25.20075
102.7028 25.14774
102.6866 25.09143
102.665 25.05173
102.6521 25.01526
102.6526 24.97605
102.6516 24.90911
102.6438 24.83909
102.6224 24.7415
102.5999 24.66791
102.5848 24.61262
102.5803 24.57403
102.5727 24.53526
102.5628 24.49011
102.5495 24.43762
102.542 24.38818
102.5329 24.35645
102.531 24.33319
> 16
102.751 27.63607
102.7624 27.60262
102.7741 27.55303
102.7783 27.49581
102.7905 27.44088
102.8072 27.40417
102.8324 27.3545
102.8513 27.30536
102.8642 27.22986
102.8711 27.1872
102.8771 27.14359
102.8812 27.09719
102.892 27.05746
102.8936 27.03873
102.8943 27.0307
102.8893 27.02951
> 9
102.7562 27.14446
102.7787 27.11262
102.806 27.06133
102.8393 27.0122
102.8681 26.9888
102.8949 26.96617
102.91 26.9581
102.9303 26.95032
102.9304 26.94943
> 16
104.0999 27.78207
104.0708 27.74029
104.0195 27.69116
103.9678 27.6348
103.9118 27.58001
103.8603 27.53618
103.8008 27.47577
103.7505 27.43017
103.7127 27.39774
103.6732 27.36072
103.6341 27.32013
103.595 27.27862
103.5648 27.25641
103.5406 27.23541
103.534 27.22878
103.534 27.22878
> 20
103.5115 27.32715
103.5013 27.2997
103.4982 27.27441
103.4834 27.22788
103.4611 27.18454
103.4415 27.14762
103.4154 27.10048
103.3913 27.06779
103.3654 27.03231
103.3304 26.99454
103.2843 26.94181
103.2543 26.90698
103.2232 26.87298
103.1949 26.84271
103.1667 26.81155
103.1532 26.78928
103.1357 26.76499
103.1224 26.75258
103.1117 26.7457
103.1119 26.74392
> 14
104.113 26.95669
104.1453 26.93762
104.1866 26.89388
104.2257 26.85182
104.2796 26.83104
104.3239 26.7874
104.3877 26.72762
104.4439 26.67375
104.4953 26.6277
104.53 26.58538
104.5533 26.56045
104.6032 26.51967
104.6292 26.49932
104.6322 26.49945
> 34
104.5277 26.58975
104.5022 26.57342
104.4603 26.54292
104.42 26.51875
104.3597 26.48828
104.3087 26.45642
104.2573 26.43168
104.2078 26.40879
104.1595 26.38414
104.1268 26.37006
104.0643 26.3438
104.0264 26.33123
103.975 26.30814
103.9239 26.28235
103.8944 26.26747
103.8519 26.24834
103.7692 26.20926
103.7361 26.18789
103.7024 26.1629
103.6695 26.1138
103.646 26.08843
103.6121 26.04105
103.5745 25.98811
103.5404 25.94428
103.5101 25.90333
103.4866 25.86632
103.439 25.80208
103.4037 25.76173
103.376 25.72716
103.3559 25.70015
103.3376 25.67591
103.3243 25.65284
103.3143 25.63799
103.3133 25.63794
> 14
103.8602 26.15397
103.8595 26.10923
103.8563 26.059
103.8538 26.01151
103.8461 25.96643
103.8396 25.93125
103.8372 25.89628
103.8315 25.85131
103.8218 25.81866
103.8157 25.79245
103.8116 25.76722
103.8121 25.74671
103.8132 25.73337
103.8132 25.73248
> 6
103.814 25.6959
103.8128 25.67262
103.8093 25.65191
103.8106 25.63501
103.8063 25.61246
103.8063 25.61246
> 15
103.7954 25.52978
103.7964 25.50395
103.7997 25.46128
103.7955 25.42358
103.7979 25.3791
103.7969 25.31392
103.8021 25.25978
103.8064 25.22968
103.8094 25.20308
103.812 25.17022
103.8151 25.12936
103.8122 25.10158
103.8129 25.07933
103.8137 25.06868
103.8087 25.06753
> 29
104.4393 26.05552
104.4397 26.0064
104.4179 25.9393
104.3827 25.87696
104.3515 25.8148
104.3206 25.74909
104.2987 25.68647
104.2566 25.6238
104.2347 25.58975
104.2114 25.54759
104.19 25.5082
104.1567 25.46379
104.1379 25.43077
104.1152 25.39577
104.0708 25.35348
104.0334 25.3133
103.9953 25.2811
103.9698 25.25754
103.9262 25.20721
103.8863 25.16151
103.8594 25.11736
103.8291 25.07838
103.7981 25.03579
103.7626 24.98672
103.7259 24.94027
103.7049 24.91244
103.6762 24.88153
103.6599 24.8584
103.66 24.85751
> 25
104.0816 25.08385
104.0428 25.06324
103.9954 25.03684
103.9106 24.98626
103.8364 24.9424
103.761 24.89041
103.6968 24.84876
103.6478 24.80787
103.6109 24.76584
103.5685 24.71726
103.525 24.67128
103.496 24.6332
103.4606 24.58676
103.4372 24.55343
103.4021 24.50432
103.3719 24.46883
103.3466 24.43538
103.3202 24.40365
103.302 24.38127
103.2862 24.35458
103.2713 24.32971
103.2569 24.29777
103.2422 24.27025
103.2297 24.24018
103.2226 24.22911
> 13
103.1155 26.39038
103.1116 26.3642
103.1116 26.3284
103.1055 26.29225
103.1004 26.25616
103.1019 26.22672
103.1015 26.18375
103.094 26.14038
103.0907 26.10709
103.0887 26.08283
103.0887 26.05957
103.0813 26.0502
103.0825 26.04848
> 11
103.1324 26.10859
103.1339 26.07916
103.1307 26.04499
103.1257 26.00804
103.1156 25.9708
103.1109 25.94281
103.1061 25.91483
103.1023 25.88779
103.0945 25.86052
103.0952 25.85252
103.0952 25.85163
> 14
103.1551 25.92568
103.1537 25.89342
103.1521 25.8531
103.1482 25.80283
103.1407 25.74789
103.1375 25.70125
103.1297 25.63827
103.1247 25.60136
103.1219 25.56191
103.1193 25.52157
103.1183 25.48491
103.1113 25.44879
103.1039 25.42872
103.099 25.42665
> 3
103.1303 25.41596
103.1206 25.38684
103.1106 25.36127
> 13
103.1011 25.31877
103.0996 25.28835
103.0894 25.24225
103.0736 25.19048
103.0637 25.15244
103.0532 25.1215
103.0378 25.08939
103.0278 25.06561
103.0182 25.0481
103.005 25.02592
102.9982 25.01126
102.9864 24.99541
102.9818 24.99067
> 12
103.0419 25.02988
103.0319 25.00522
103.0045 24.96081
102.9754 24.91274
102.9537 24.87312
102.9272 24.83055
102.9103 24.80459
102.8912 24.77047
102.8802 24.74575
102.8671 24.72358
102.8624 24.70815
102.8625 24.70727
> 25
103.1475 25.03244
103.1412 25.01157
103.1209 24.96582
103.1137 24.91995
103.1073 24.90086
103.098 24.87893
103.087 24.85512
103.0788 24.83325
103.0769 24.80819
103.0759 24.7725
103.0731 24.7465
103.0733 24.71979
103.0717 24.69208
103.0705 24.65905
103.0695 24.6118
103.0689 24.58238
103.0734 24.53011
103.0776 24.48051
103.0764 24.45908
103.0787 24.43162
103.0814 24.39974
103.0845 24.36256
103.0843 24.34119
103.0821 24.33216
103.0824 24.32862
> 13
103.1746 25.02151
103.1814 24.98892
103.1849 24.93474
103.1791 24.89609
103.1731 24.86009
103.1715 24.81813
103.1612 24.77387
103.15 24.7278
103.1425 24.69708
103.1313 24.67506
103.1218 24.65759
103.1177 24.64577
103.1167 24.64572
> 18
103.1668 24.68245
103.1674 24.6522
103.1667 24.61209
103.1529 24.56144
103.1525 24.53026
103.151 24.48834
103.1511 24.45096
103.1478 24.41962
103.1392 24.37819
103.1342 24.35477
103.1269 24.32232
103.121 24.29707
103.1145 24.26823
103.1079 24.25095
103.099 24.23798
103.0931 24.22518
103.0888 24.21692
103.0888 24.21692
> 10
103.1572 24.30717
103.157 24.28581
103.1441 24.26016
103.1334 24.23375
103.1194 24.19737
103.1098 24.1808
103.0983 24.16412
103.0872 24.15369
103.0798 24.14703
103.0788 24.14609
> 23
103.1582 24.19961
103.1513 24.17432
103.1358 24.15653
103.1136 24.12412
103.0852 24.09401
103.0655 24.06796
103.0442 24.03738
103.0347 24.00749
103.0267 23.9848
103.0073 23.95521
102.9981 23.93423
102.9917 23.91696
102.9795 23.89581
102.9715 23.87312
102.9512 23.83193
102.9405 23.81707
102.9195 23.79538
102.9063 23.77593
102.8902 23.75454
102.8816 23.73892
102.8702 23.72224
102.8548 23.70444
102.8558 23.70449
> 15
103.0603 24.6727
103.0473 24.6479
103.033 24.61589
103.0214 24.5876
103.0073 24.54047
102.9899 24.49849
102.9812 24.4597
102.9676 24.44287
102.9538 24.41713
102.9429 24.38088
102.9177 24.34911
102.9026 24.32685
102.8854 24.30535
102.8781 24.28622
102.8782 24.28534
> 8
102.9366 24.4428
102.9199 24.42756
102.9013 24.39974
102.8787 24.37168
102.8667 24.3487
102.8516 24.32644
102.8424 24.30541
102.8379 24.2998
> 10
102.8339 24.47221
102.8338 24.44995
102.8314 24.432
102.8248 24.40489
102.8162 24.37678
102.8087 24.35942
102.8031 24.34394
102.8001 24.3322
102.7949 24.32298
102.793 24.32197
> 19
102.9209 24.31105
102.906 24.27545
102.8915 24.25857
102.8815 24.23572
102.868 24.21801
102.8567 24.19953
102.8401 24.17184
102.8248 24.15224
102.8153 24.13565
102.7972 24.11497
102.7819 24.09625
102.7773 24.07997
102.7685 24.06698
102.7579 24.05121
102.7515 24.03304
102.7471 24.01499
102.7406 23.99858
102.7348 23.98489
102.7321 23.98206
> 10
102.7843 24.01106
102.7732 23.97926
102.7653 23.95567
102.7557 23.92842
102.7502 23.90053
102.7442 23.87883
102.7355 23.85253
102.7313 23.83272
102.7237 23.81803
102.7202 23.81249
> 22
102.2124 24.33733
102.222 24.32105
102.2272 24.28668
102.2337 24.24973
102.2476 24.20795
102.2673 24.15765
102.291 24.12809
102.3116 24.10009
102.3465 24.0677
102.3725 24.03472
102.4149 23.98592
102.4475 23.95603
102.4778 23.92954
102.4992 23.90248
102.5335 23.87535
102.5762 23.85408
102.6283 23.82805
102.6631 23.81692
102.7124 23.79956
102.748 23.79023
102.7643 23.78502
102.7854 23.78277
> 4
102.8205 23.77959
102.8495 23.77693
102.8736 23.77396
102.8922 23.7662
> 7
102.9271 23.78785
102.9608 23.78898
102.9922 23.78198
103.0241 23.76878
103.0693 23.75103
103.1031 23.73881
103.141599 23.715878
> 17
102.2615 24.57213
102.2709 24.55672
102.2868 24.52659
102.3105 24.48718
102.3302 24.45908
102.3529 24.43029
102.3817 24.40012
102.4237 24.36813
102.4787 24.3245
102.5138 24.30183
102.5612 24.27548
102.5955 24.24919
102.629 24.22193
102.6588 24.20068
102.6984 24.17113
102.7321 24.15099
102.7589 24.14197
> 22
101.7757 24.96599
101.8018 24.93749
101.8473 24.89518
101.8853 24.8568
101.9334 24.81822
101.9671 24.79201
102.004 24.75442
102.0363 24.72186
102.0692 24.6831
102.0944 24.66074
102.1229 24.62524
102.1541 24.58278
102.1758 24.55484
102.1947 24.52493
102.2216 24.49466
102.2338 24.47142
102.2456 24.45261
102.2601 24.42686
102.2687 24.40962
102.281 24.37393
102.2834 24.34916
102.2835 24.33671
> 28
100.8298 25.49375
100.8567 25.48961
100.8876 25.47595
100.9139 25.45834
100.9514 25.4407
100.9827 25.42346
101.0316 25.40223
101.0736 25.37954
101.1104 25.35822
101.1415 25.34184
101.177 25.32308
101.2092 25.30587
101.2273 25.29741
101.2476 25.28732
101.2754 25.27333
101.3038 25.26295
101.3395 25.25132
101.3772 25.22911
101.4129 25.20674
101.4491 25.17993
101.4767 25.14713
101.5291 25.10987
101.5606 25.07824
101.5881 25.0463
101.6133 25.01688
101.6345 24.99698
101.6546 24.9779
101.6663 24.96178
> 13
103.135824 23.867933
103.142924 23.818613
103.142424 23.776843
103.145024 23.709513
103.141324 23.670243
103.137424 23.610543
103.129624 23.572823
103.132024 23.508193
103.132424 23.455873
103.125724 23.404933
103.120224 23.376233
103.114124 23.366123
103.114124 23.366123
> 22
103.3818 23.68285
103.3891 23.66551
103.4033 23.59976
103.4292 23.50006
103.4492 23.43555
103.4876 23.36231
103.5293 23.29723
103.5692 23.24269
103.6095 23.19437
103.6507 23.1461
103.6967 23.09896
103.7379 23.04979
103.788 22.98691
103.831 22.93959
103.8813 22.89795
103.9204 22.86103
103.9519 22.82018
103.986 22.77061
104.0196 22.72721
104.0422 22.70004
104.0611 22.66916
104.0621 22.66921
> 17
103.727 23.9937
103.7644 23.96013
103.8208 23.91243
103.8724 23.87424
103.9211 23.83411
103.96 23.79258
104.0019 23.74942
104.06 23.70085
104.0993 23.6664
104.1348 23.62734
104.1771 23.57707
104.2132 23.54245
104.2456 23.50411
104.2907 23.46814
104.3112 23.45847
104.3204 23.45447
104.3244 23.45377
> 14
104.2649 23.56798
104.2947 23.53836
104.3424 23.49273
104.3922 23.4596
104.4607 23.41224
104.5089 23.38696
104.5747 23.36334
104.6442 23.34339
104.6964 23.3315
104.7438 23.31583
104.8024 23.29531
104.8611 23.27299
104.8924 23.26191
104.9317 23.2476
> 26
105.0919 24.08136
105.12 24.06027
105.1617 23.99709
105.1975 23.94788
105.2337 23.90756
105.2629 23.86875
105.2933 23.82377
105.305 23.79493
105.3282 23.75412
105.3604 23.7296
105.3856 23.68885
105.4026 23.65136
105.4269 23.60881
105.4508 23.57068
105.4811 23.52569
105.5076 23.49386
105.525 23.46613
105.5453 23.42167
105.5681 23.38528
105.5905 23.35507
105.6344 23.31232
105.669 23.27367
105.7005 23.24022
105.736 23.20248
105.7671 23.17432
105.7763 23.16755
> 24
105.9465 23.70624
105.9687 23.68122
106.0306 23.61313
106.0998 23.55586
106.1543 23.51231
106.216 23.46539
106.275 23.42989
106.3293 23.38892
106.3733 23.35561
106.4048 23.33523
106.4538 23.30114
106.5001 23.25812
106.5496 23.20986
106.6152 23.15314
106.6881 23.10543
106.7552 23.05488
106.8413 22.99501
106.9133 22.94008
106.9632 22.897
107.0227 22.85676
107.0929 22.81583
107.1435 22.77624
107.2281 22.71521
107.2946 22.66439
> 14
107.5305 22.52029
107.5795 22.5458
107.6267 22.56684
107.6852 22.60304
107.7282 22.63633
107.7934 22.67964
107.8654 22.72477
107.9035 22.76147
107.9465 22.79823
108.0034 22.83249
108.0418 22.86209
108.0627 22.8853
108.0826 22.91026
108.0836 22.91116
> 17
107.8651 21.82482
107.9039 21.82534
107.927 21.83004
107.9481 21.8391
107.9731 21.84645
108.0076 21.86271
108.0362 21.8789
108.0604 21.88182
108.0941 21.891
108.1131 21.90618
108.138 21.91701
108.1679 21.92437
108.1964 21.94755
108.206 21.95381
108.2231 21.96719
108.2423 21.97618
108.2517 21.99035
> 15
104.4518 25.48463
104.4687 25.47469
104.5007 25.46453
104.5616 25.44671
104.6168 25.42326
104.6739 25.40076
104.7165 25.38385
104.762 25.36795
104.7912 25.35402
104.8113 25.34148
104.8349 25.31929
104.8541 25.30404
104.8752 25.28975
104.8856 25.28483
104.8857 25.28305
> 18
104.8201 25.23755
104.8367 25.23022
104.8636 25.2037
104.898 25.17037
104.9269 25.14481
104.9527 25.12002
104.984 25.08654
105.0101 25.05552
105.0448 25.03285
105.0902 25.01415
105.1339 25.00784
105.1804 25.00429
105.2313 24.99377
105.2902 24.98441
105.3508 24.96261
105.4205 24.94111
105.4409 24.93473
105.441 24.93384
> 13
100.6649 23.20588
100.729 23.2351
100.8043 23.27052
100.8806 23.30597
100.937 23.33444
101.0018 23.36711
101.0689 23.39813
101.1238 23.42196
101.1739 23.44538
101.229 23.46827
101.2653 23.4817
101.2844 23.48937
101.2853 23.48945
> 29
100.7986 24.51863
100.8072 24.49524
100.8088 24.47129
100.8169 24.41666
100.8278 24.37207
100.8409 24.31697
100.8603 24.2499
100.8634 24.19403
100.8726 24.16448
100.8911 24.11429
100.9037 24.07166
100.9176 24.02735
100.9291 23.98554
100.9384 23.94534
100.9464 23.88991
100.9536 23.85132
100.9704 23.80639
100.9827 23.77534
100.9997 23.73843
101.0138 23.68975
101.0286 23.63578
101.0352 23.59274
101.0402 23.5647
101.0449 23.53929
101.0577 23.50298
101.067 23.4806
101.069 23.45321
101.0729 23.4251
101.0788 23.40779
> 8
101.1 23.40411
101.1163 23.36187
101.1191 23.32656
101.1334 23.26641
101.1468 23.2142
101.1523 23.19066
101.1494 23.17979
101.1494 23.17979
> 16
101.1705 23.17699
101.1845 23.15677
101.1956 23.11681
101.2055 23.07943
101.2161 23.03412
101.2299 22.99705
101.2411 22.95535
101.2601 22.90539
101.271 22.86722
101.2911 22.81559
101.3026 22.79076
101.3205 22.74075
101.3385 22.68986
101.3611 22.64286
101.3838 22.6127
101.401 22.57947
> 9
101.1548 23.63583
101.1716 23.60868
101.1818 23.57748
101.1946 23.54114
101.1966 23.52175
101.2055 23.494
101.2121 23.47852
101.2133 23.46706
101.2143 23.46714
> 30
101.2309 23.46041
101.2432 23.42761
101.2403 23.37055
101.2423 23.31299
101.2507 23.27102
101.2569 23.23067
101.2673 23.18709
101.2797 23.1348
101.287 23.11229
101.2931 23.08171
101.3075 23.05709
101.3301 23.01978
101.3629 22.96995
101.3859 22.92825
101.3992 22.90443
101.415 22.88435
101.4343 22.85035
101.45 22.81166
101.4646 22.7844
101.4854 22.72483
101.5041 22.68637
101.5208 22.65662
101.5452 22.61947
101.5737 22.57997
101.5987 22.53667
101.6154 22.50693
101.6236 22.48364
101.6319 22.4586
101.6399 22.44768
101.6415 22.4416
> 15
101.2439 23.44898
101.2653 23.42486
101.2885 23.39288
101.3094 23.35362
101.3331 23.31635
101.3548 23.27806
101.3825 23.2402
101.4092 23.20139
101.4358 23.18298
101.4518 23.17175
101.4721 23.15641
101.4913 23.14276
101.5092 23.13167
101.516 23.1233
101.5171 23.12249
> 14
100.8673 23.86582
100.8714 23.82878
100.8877 23.77048
100.8965 23.71692
100.9085 23.67075
100.9181 23.62795
100.9339 23.55542
100.935 23.50841
100.9301 23.4627
100.9309 23.42723
100.9241 23.38937
100.9225 23.34928
100.9117 23.32977
100.9128 23.32897
> 10
100.9376 23.3194
100.9202 23.28782
100.9108 23.27464
100.8898 23.2401
100.8716 23.19781
100.8549 23.16895
100.8479 23.14265
100.8424 23.11203
100.8507 23.0985
100.8533 23.09338
> 8
100.8288 22.9468
100.8459 22.95261
100.8725 22.96185
100.9084 22.97626
100.9311 22.98606
100.9604 22.99726
100.9795 23.00322
100.986 23.00728
> 23
101.2883 27.76601
101.2534 27.74186
101.1913 27.70038
101.1432 27.66442
101.0874 27.62247
101.0278 27.57839
100.9788 27.53329
100.9361 27.48776
100.8924 27.44213
100.8555 27.40151
100.804 27.36154
100.7643 27.32697
100.726 27.29069
100.6749 27.248
100.6509 27.23171
100.5803 27.17034
100.5323 27.12872
100.4744 27.08448
100.4244 27.04356
100.3791 27.00659
100.3523 26.98821
100.3398 26.98088
100.3387 26.9808
> 22
100.5205 27.1062
100.4902 27.0642
100.456 27.02907
100.4226 26.97961
100.3997 26.94539
100.3623 26.90368
100.3144 26.8548
100.2821 26.82336
100.2421 26.78679
100.2243 26.76285
100.203 26.73411
100.1821 26.70182
100.1764 26.68966
100.1669 26.66551
100.1646 26.64197
100.1622 26.61932
100.1607 26.60573
100.1633 26.5844
100.1659 26.56218
100.1703 26.5428
100.174 26.52964
100.1793 26.51035
> 23
100.2904 26.75311
100.2773 26.72418
100.2598 26.68949
100.2547 26.66302
100.2535 26.64766
100.251 26.61692
100.2462 26.59677
100.2395 26.57467
100.2263 26.5565
100.2103 26.5354
100.1842 26.50448
100.1534 26.46956
100.1272 26.44848
100.1058 26.42961
100.0859 26.41624
100.0738 26.40534
100.0361 26.36082
100.0104 26.32721
99.98808 26.30015
99.95683 26.27052
99.93679 26.24994
99.91744 26.23211
99.9114 26.21454
> 20
100.2945 27.31873
100.3043 27.28896
100.3236 27.23931
100.3196 27.17694
100.2959 27.11564
100.2717 27.06689
100.2544 27.02052
100.2401 26.98517
100.234 26.96669
100.2235 26.94244
100.1944 26.90945
100.1514 26.8636
100.1013 26.81712
100.0651 26.79247
100.0285 26.76239
99.99615 26.73177
99.97054 26.70531
99.94241 26.67413
99.92731 26.66294
99.92265 26.65894
> 48
99.30017 28.07407
99.29713 28.04944
99.30782 28.00803
99.31596 27.97001
99.33734 27.91066
99.34388 27.86078
99.3535 27.81118
99.3536 27.76253
99.36517 27.70591
99.3948 27.65456
99.40906 27.60901
99.42088 27.57406
99.42538 27.53934
99.42587 27.51147
99.43036 27.48486
99.44501 27.45197
99.46194 27.41749
99.47829 27.37936
99.49291 27.34648
99.49851 27.31098
99.50524 27.28279
99.50844 27.24978
99.51357 27.21785
99.51916 27.18236
99.52837 27.1508
99.53281 27.12421
99.5369 27.0922
99.54361 27.07211
99.54826 27.03566
99.55576 27.00126
99.56415 26.95975
99.57014 26.92882
99.57773 26.88545
99.58611 26.86013
99.59867 26.83429
99.61779 26.78927
99.6403 26.74995
99.65814 26.7147
99.6719 26.67909
99.68327 26.64597
99.69059 26.62865
99.69936 26.59979
99.70303 26.57048
99.70637 26.54383
99.70721 26.51247
99.69563 26.48181
99.6879 26.46136
99.6862 26.45852
> 22
100.9328 27.47132
100.9332 27.43988
100.9372 27.40333
100.9424 27.36687
100.9514 27.33251
100.9566 27.30415
100.9617 27.26769
100.9723 27.23795
100.9809 27.19728
100.9916 27.17563
101.0104 27.13664
101.0177 27.10845
101.0248 27.08115
101.0293 27.05006
101.0325 27.01168
101.0295 26.98272
101.0243 26.93563
101.0117 26.90055
101.005 26.88657
100.9937 26.86775
100.9825 26.84714
100.9786 26.84594
> 17
99.83413 26.30108
99.86835 26.28972
99.91592 26.26966
99.96648 26.24176
100.0064 26.21651
100.0459 26.18673
100.079 26.15819
100.1156 26.11827
100.1418 26.08733
100.1641 26.05427
100.1875 26.0213
100.2067 25.98886
100.2256 25.96716
100.2322 25.95428
100.2368 25.93316
100.2442 25.90511
100.2392 25.88677
> 12
100.1077 26.02167
100.1069 25.9947
100.1162 25.95069
100.1204 25.91609
100.1247 25.87972
100.1287 25.84691
100.1467 25.8153
100.168 25.78218
100.1913 25.74923
100.2099 25.72125
100.2237 25.69019
100.2255 25.68407
> 8
100.1328 25.6502
100.1527 25.6537
100.1883 25.663
100.2199 25.67106
100.2625 25.68093
100.2867 25.68297
100.2987 25.68487
100.2987 25.68487
> 6
100.3534 25.69572
100.3685 25.69699
100.3957 25.69925
100.4088 25.70034
100.4199 25.70126
100.422 25.70143
> 12
100.2822 25.80797
100.2871 25.7833
100.3019 25.75231
100.3198 25.73052
100.3396 25.70084
100.3566 25.68525
100.3698 25.65143
100.3838 25.61858
100.395 25.60072
100.4033 25.58171
100.4062 25.5739
100.4066 25.57036
> 13
100.4187 25.51856
100.4426 25.54112
100.4687 25.57013
100.493 25.60614
100.5172 25.64304
100.5398 25.68606
100.5598 25.7244
100.5761 25.7508
100.5896 25.77518
100.6109 25.81183
100.6244 25.82814
100.6324 25.83775
100.6242 25.83887
> 9
100.4809 25.76361
100.5025 25.77971
100.5305 25.81155
100.5548 25.84846
100.5865 25.88328
100.5987 25.91025
100.6293 25.94587
100.6421 25.95944
100.6421 25.95944
> 9
100.5015 25.8862
100.5344 25.91935
100.5608 25.95555
100.5973 26.00241
100.6244 26.04313
100.6474 26.07455
100.6645 26.09474
100.6735 26.10533
100.6735 26.10533
> 9
100.4782 26.08768
100.499 26.1109
100.5363 26.16055
100.5653 26.20147
100.5911 26.24479
100.6207 26.28126
100.6532 26.31974
100.6642 26.33138
100.6642 26.33138
> 4
100.6508 26.31416
100.6512 26.33751
100.647 26.37395
100.6458 26.38461
> 19
100.5882 26.3145
100.6067 26.33214
100.6296 26.36537
100.6509 26.40296
100.6685 26.43756
100.6818 26.47449
100.6999 26.51362
100.7046 26.5445
100.7058 26.57959
100.7005 26.62583
100.6967 26.65963
100.7016 26.68874
100.6975 26.72432
100.7012 26.74616
100.697 26.77455
100.6858 26.80059
100.6837 26.81838
100.6807 26.8361
100.6786 26.83594
> 12
100.7339 26.85739
100.7547 26.84735
100.7667 26.82316
100.7765 26.80059
100.7776 26.77195
100.7737 26.7519
100.7712 26.72836
100.7666 26.71453
100.7616 26.70427
100.7584 26.69594
100.7528 26.691
100.7518 26.69092
> 13
100.5451 26.17293
100.5566 26.13532
100.5734 26.09546
100.5812 26.06293
100.5905 26.02694
100.5996 26.0008
100.6099 25.96401
100.6128 25.93827
100.6154 25.90712
100.6188 25.87695
100.6193 25.8546
100.6196 25.83402
100.6204 25.81797
> 11
99.95805 27.72593
100.0056 27.68678
100.0607 27.65365
100.1029 27.62391
100.1501 27.58648
100.198 27.5518
100.2414 27.51942
100.2899 27.48746
100.3324 27.45408
100.3684 27.42196
100.3783 27.40838
> 17
100.0505 27.50786
100.0655 27.48664
100.0892 27.46255
100.127 27.43425
100.1619 27.412
100.2117 27.38649
100.258 27.36337
100.2966 27.33599
100.3327 27.3111
100.3705 27.28094
100.4047 27.25497
100.4381 27.23523
100.4726 27.21466
100.5102 27.19434
100.5383 27.17505
100.5589 27.15873
100.5589 27.15873
> 10
99.11147 28.67761
99.12683 28.68897
99.15323 28.72031
99.17122 28.74365
99.1935 28.76647
99.21857 28.79226
99.23161 28.81333
99.2457 28.83449
99.25334 28.8406
99.25323 28.8415
> 15
99.21884 28.71912
99.24403 28.74401
99.27419 28.77928
99.30621 28.81651
99.34027 28.8467
99.37608 28.87974
99.40913 28.90981
99.45069 28.94786
99.46997 28.97036
99.48681 28.99535
99.50262 29.01211
99.52449 29.03934
99.54171 29.05352
99.56161 29.07154
99.56267 29.07163
> 14
103.8438 28.58562
103.8473 28.55521
103.8513 28.50415
103.8459 28.44003
103.8383 28.38931
103.8366 28.34517
103.838 28.30029
103.8412 28.2591
103.8514 28.20928
103.8585 28.1593
103.8665 28.12285
103.8748 28.08373
103.8782 28.05424
103.8782 28.05424
> 14
103.8886 28.58963
103.8945 28.56833
103.903 28.52647
103.9076 28.49432
103.9209 28.45811
103.9467 28.40901
103.9713 28.37603
103.9988 28.345
104.0206 28.31997
104.0366 28.28749
104.0466 28.25201
104.056 28.2255
104.0585 28.20585
104.0656 28.1945
> 15
108.6475 23.40127
108.6761 23.38615
108.6997 23.37191
108.742 23.35587
108.7902 23.3389
108.8492 23.31212
108.9021 23.27734
108.956 23.24165
109.0236 23.20144
109.0754 23.16304
109.1133 23.11759
109.1473 23.07837
109.1851 23.03735
109.226 23.00429
109.2621 22.97834
> 49
107.5175 24.7474
107.5447 24.72894
107.5769 24.69445
107.6263 24.64495
107.6705 24.60431
107.7017 24.57335
107.7369 24.53084
107.759 24.49535
107.7881 24.45634
107.8192 24.40577
107.8573 24.35256
107.8813 24.3055
107.9054 24.26735
107.9283 24.23008
107.9593 24.17682
107.9853 24.11909
108.0022 24.06844
108.0211 24.00979
108.047 23.95297
108.0728 23.92106
108.1086 23.87674
108.1512 23.82088
108.1829 23.7703
108.2126 23.73484
108.2521 23.69407
108.2936 23.64884
108.3262 23.60448
108.3686 23.5548
108.404 23.51577
108.4454 23.46607
108.4876 23.41815
108.5278 23.36666
108.5661 23.32849
108.6122 23.28142
108.6554 23.245
108.6897 23.22277
108.7143 23.21298
108.7428 23.2014
108.7928 23.16935
108.8348 23.13554
108.8945 23.08923
108.9384 23.05094
108.9843 23.01529
109.0408 22.97248
109.0846 22.93237
109.1215 22.89938
109.1468 22.87531
109.1662 22.85392
109.173 22.84856
> 12
109.3814 22.87374
109.4214 22.85569
109.4808 22.82594
109.5282 22.78563
109.5757 22.74796
109.6465 22.70473
109.7104 22.66064
109.7664 22.62016
109.8194 22.57879
109.857 22.55
109.8897 22.51949
109.9244 22.49425
> 14
107.9823 22.94444
108.0197 22.90208
108.057 22.86061
108.0992 22.81738
108.1502 22.77949
108.2207 22.73633
108.2735 22.69839
108.3361 22.64895
108.4084 22.59595
108.4903 22.53849
108.5692 22.4854
108.6208 22.4491
108.6879 22.40656
108.7812 22.34979
> 9
108.9758 22.18647
109.0409 22.16763
109.0894 22.15148
109.1397 22.12293
109.1792 22.09177
109.2177 22.05442
109.2542 22.02237
109.2773 22.00101
109.2848 21.97976
> 2
109.9367 21.5407
110.1190 21.3891
> 6
109.39445 21.908168
109.47449 21.845218
109.568597 21.782943
109.695594 21.679615
109.751282 21.641823
109.813374 21.595286
> 57
110.5668 23.6186
110.5447 23.57191
110.5257 23.53049
110.4949 23.48752
110.4629 23.43657
110.4179 23.38052
110.3582 23.32472
110.3345 23.28428
110.2974 23.22186
110.2526 23.1649
110.2243 23.13251
110.1663 23.05622
110.1279 23.01068
110.0894 22.96246
110.0569 22.91416
110.0196 22.86947
109.9835 22.83805
109.9437 22.80934
109.9019 22.78152
109.8613 22.76254
109.803 22.73932
109.7506 22.71955
109.6846 22.69901
109.6383 22.6871
109.6029 22.67682
109.5507 22.66404
109.5134 22.65553
109.4806 22.62836
109.4489 22.60207
109.4122 22.57404
109.3747 22.54954
109.3401 22.52767
109.3116 22.51106
109.2663 22.49101
109.2221 22.47625
109.176 22.46414
109.1426 22.45017
109.1142 22.4397
109.0759 22.4222
109.0385 22.40291
109.0042 22.38625
108.9561 22.36609
108.9228 22.35028
108.8953 22.33356
108.8609 22.30978
108.8384 22.29923
108.7992 22.27279
108.7687 22.24455
108.7433 22.23134
108.7089 22.20398
108.6472 22.15188
108.6217 22.12892
108.5865 22.10065
108.5621 22.07944
108.5444 22.05999
108.5356 22.04585
108.5327 22.04585
> 2
108.4965 21.9946
108.2558 21.7751
> 6
108.8496 22.24348
108.826 22.21348
108.765 22.142
108.712 22.08464
108.6707 22.03078
108.6276 21.98223
> 16
110.638 21.46375
110.5955 21.42932
110.5451 21.38886
110.5045 21.35438
110.4503 21.31132
110.3884 21.26837
110.3372 21.22962
110.2881 21.19345
110.2292 21.14951
110.1782 21.10981
110.1265 21.07891
110.0875 21.05749
109.997 21.01126
109.9366 20.97688
109.8919 20.95107
109.8289 20.92547
> 6
100.8774 23.08999
100.8839 23.06656
100.8865 23.04193
100.8899 23.01114
100.8916 22.99532
100.9333 22.95608
> 10
100.7748 23.05243
100.796 23.05681
100.8475 23.07428
100.8902 23.09014
100.9312 23.10406
100.9577 23.11504
100.9917 23.12928
101.0103 23.1405
101.0186 23.1456
101.0186 23.1456
> 34
99.45876 27.98207
99.45683 27.96477
99.46893 27.91178
99.47332 27.8617
99.48058 27.81369
99.48679 27.76559
99.49254 27.72106
99.5079 27.66659
99.53183 27.6183
99.56659 27.56647
99.61102 27.51191
99.65005 27.46677
99.68584 27.43033
99.73587 27.38794
99.78127 27.34064
99.82359 27.30925
99.85662 27.26894
99.88507 27.23183
99.90112 27.17746
99.91149 27.1271
99.91595 27.08253
99.91592 27.04925
99.91186 27.00665
99.90288 26.9789
99.8916 26.94466
99.87315 26.90171
99.86507 26.86686
99.86452 26.81289
99.86519 26.7824
99.86073 26.74338
99.85758 26.71885
99.85844 26.6785
99.86174 26.65184
99.86102 26.641
> 28
93.982614 30.579264
94.00066 30.57543
94.05061 30.54852
94.09681 30.52929
94.11339 30.52243
94.14634 30.49864
94.22688 30.48678
94.31142 30.46537
94.3788 30.43704
94.48294 30.40902
94.57003 30.39598
94.65617 30.37637
94.74957 30.34672
94.83035 30.30897
94.91211 30.27131
94.98836 30.2338
95.05177 30.20098
95.10725 30.16985
95.1518 30.13912
95.18275 30.12941
95.24138 30.09225
95.28123 30.06908
95.32648 30.03385
95.37195 30.00317
95.4109 29.98441
95.44078 29.96813
95.45956 29.95956
95.46725 29.95871
> 13
99.246952 28.117341
99.26937 28.10101
99.32092 28.05973
99.36708 28.03508
99.41449 28.00873
99.46555 27.97817
99.52806 27.93151
99.58041 27.89833
99.61356 27.87604
99.64339 27.86337
99.67458 27.8481
99.71033 27.82963
99.7124 27.82981
> 12
98.71976 28.58005
98.75256 28.54888
98.81203 28.49226
98.87265 28.44205
98.91669 28.38935
98.95484 28.34873
98.99789 28.31036
99.039 28.26278
99.09298 28.21278
99.1534 28.1769
99.20672 28.14665
99.246952 28.117341
> 23
99.6514 27.84966
99.66192 27.82446
99.68951 27.79626
99.70412 27.76332
99.71836 27.72494
99.73317 27.69021
99.74456 27.66599
99.76495 27.62816
99.78638 27.59852
99.80297 27.56575
99.81934 27.53477
99.84473 27.50637
99.85506 27.49017
99.89196 27.46097
99.91925 27.43363
99.95243 27.40049
100.0007 27.36234
100.036 27.33747
100.0603 27.31615
100.0865 27.28869
100.1061 27.26427
100.1239 27.237
100.12363 27.233302
> 30
100.12363 27.233302
100.1204 27.18904
100.1174 27.15372
100.1079 27.11246
100.0949 27.0745
100.0745 27.02063
100.0553 26.97495
100.0487 26.93574
100.0332 26.91015
100.0113 26.86154
99.99555 26.82964
99.97716 26.8029
99.9649 26.77668
99.94954 26.74212
99.92262 26.70116
99.89041 26.66153
99.87016 26.63371
99.85384 26.59906
99.845 26.56236
99.84334 26.50924
99.84349 26.45807
99.84809 26.42077
99.85088 26.38153
99.84384 26.33872
99.83684 26.30401
99.82784 26.27719
99.81943 26.25402
99.81496 26.23209
99.80567 26.21602
99.80217 26.21122
> 20
99.76652 26.14348
99.79831 26.09337
99.82761 26.04663
99.85428 25.99608
99.87535 25.95759
99.9064 25.92087
99.95831 25.86356
99.98705 25.82843
100.0166 25.79515
100.0493 25.75229
100.0858 25.69364
100.1151 25.6451
100.1464 25.59585
100.1789 25.54492
100.2141 25.48794
100.2477 25.43531
100.2727 25.37838
100.2929 25.3443
100.3085 25.32326
100.3224 25.30027
> 22
99.09517 27.47822
99.14234 27.4286
99.18427 27.36317
99.2521 27.27404
99.3017 27.18052
99.34091 27.10225
99.39063 27.02225
99.42469 26.9588
99.45847 26.89714
99.49571 26.83219
99.52655 26.76847
99.56187 26.69348
99.59759 26.62302
99.61938 26.57288
99.66457 26.49161
99.68163 26.4213
99.7059 26.37499
99.73367 26.33348
99.75858 26.28992
99.79211 26.23456
99.82236 26.18878
99.83575 26.15498
> 13
99.4926 24.25235
99.48822 24.19931
99.49055 24.14066
99.49563 24.07604
99.49147 24.03732
99.49413 23.9921
99.48952 23.96493
99.48801 23.92914
99.49186 23.87425
99.49714 23.83999
99.50351 23.78892
99.51217 23.75944
99.51589 23.74553
> 5
99.47247 23.67025
99.49219 23.59998
99.5181 23.51962
99.53654 23.45104
99.55997 23.36604
> 18
103.3327 25.56311
103.3088 25.5091
103.3034 25.46416
103.2858 25.41944
103.269 25.37833
103.2447 25.33055
103.2276 25.3046
103.2045 25.2792
103.1975 25.24133
103.1828 25.21283
103.1718 25.18723
103.1638 25.16268
103.1584 25.14275
103.148 25.11005
103.1401 25.09622
103.1311 25.07162
103.1181 25.0459
103.1046 25.02729
> 33
102.9374 26.99826
102.9666 26.97127
102.9965 26.9237
103.0244 26.86346
103.043 26.8027
103.0501 26.75651
103.0605 26.69618
103.0759 26.64869
103.0838 26.59271
103.0891 26.54286
103.1066 26.48208
103.1209 26.43544
103.142 26.35519
103.1504 26.30466
103.1619 26.2543
103.1693 26.21446
103.178 26.1729
103.1884 26.13414
103.2059 26.09577
103.2233 26.05919
103.2496 26.01239
103.2706 25.98048
103.2868 25.93311
103.2946 25.88885
103.2987 25.83903
103.2945 25.77982
103.2902 25.72151
103.2907 25.66615
103.2907 25.61703
103.2872 25.58558
103.2827 25.56657
103.2789 25.55207
103.279 25.55118
> 19
99.28706 28.77774
99.29737 28.73984
99.29255 28.6807
99.29156 28.6165
99.28978 28.55044
99.29419 28.50119
99.30264 28.45322
99.30982 28.39882
99.31316 28.35761
99.31559 28.3073
99.31384 28.27286
99.31798 28.22542
99.31818 28.19206
99.32922 28.14797
99.331 28.12648
99.3436 28.10238
99.34377 28.07714
99.34322 28.06537
99.34138 28.0634
